100
13 558 11
1000 1000 1
723270420 292265596 957757399
884 919 314
1 1 1
167 837 3
131 873 78
651 803 752
835845586 580166209 614485794
221 859 53
923 971 792
692 997 313
1 4 1
942 785 220
1 1 1000
3 4 2
512 512 256
3 5 2
3 2 2
802 131 72
110620287 39441510 110998868
207 630 27
178 43 1
565 285 2
4 1 4
5 5 4
513 513 1
4 5 2
290 917 281
377877304 193386904 609866044
4 3 5
476622559 442623623 848593193
5 3 2
4 5 4
162 202 45
787 675 945
118 52 40
4 3 3
5 5 5
984 196 291
416 170 907
1000000000 1000000000 1000000000
512 512 1
719 571 444
83 995 74
405065201 408333785 824680573
305046276 370624539 962809104
4 3 3
512 512 257
722 942 684
898246930 849853559 861012036
4 2 2
842 471 730
2 4 2
291 4 25
830 367 220
227 672 112
205 37 658
487 8 565
846590936 427900570 434977901
436 791 32
7 8 5
717547290 683207527 827970338
486 96 19
659 169 14
725178575 132802753 543394109
513 513 512
995 766 635
648362798 104188181 425678823
250 573 80
512 512 513
3 5 4
442 738 306
61 704 56
975 390 812
513 513 256
513 513 257
3 3 2
482 491 56
20 837 3
536870911 536870911 536870910
2 3 2
567 364 198
155 326 27
513 513 2
536870911 536870911 536870911
3 4 2
685 660 222
436 54 53
512 512 2
45 56 35
283 178 132
494 388 795
34289839 58721003 935544584
2 2 5
260302390 297713498 498434279
3 4 3
299749287 30527041 632994533
103 143 88
5 4 4
