100
958 327 804
921 183 181
752 509 197
1 1 1000
1 3 1
821 98 30
1 4 3
905 83 77
415 633 823
45 56 35
9 744 9
349 675 147
295 994 751
427 179 97
613 769 665
83 217 45
512 512 2
985 515 293
128 570 37
2 5 1
1 5 1
753 938 11
381 131 65
2 3 2
513 513 256
153 813 109
323 211 520
513 513 257
320 355 592
512 512 256
4 5 1
988 825 947
229 72 31
221 366 634
122 286 55
4 4 5
673 735 996
5 4 5
1 1 1
533 879 859
625 470 418
116 588 15
207 952 97
794 748 897
1 5 1
463 344 96
936 225 252
103 143 88
981 44 6
1 3 5
512 512 1
307 576 175
7 8 5
841 668 69
823 339 731
3 4 2
5 2 3
1 2 1
616 773 125
506 587 377
94 646 379
106 797 22
421 824 319
4 2 3
165 494 843
512 512 257
3 4 3
998 466 715
5 2 1
513 513 1
1000 1000 1
513 513 512
4 5 2
2 4 3
513 513 2
711 63 768
1 3 3
136 659 422
312 33 18
358 426 43
1 2 1
958 276 43
581 427 737
78 373 445
449 705 473
242 277 95
323 135 91
93 689 324
752 949 457
370 164 21
538 46 456
60 727 357
839 829 621
4 4 1
879 607 284
409 355 10
1 5 1
295 529 8
512 512 513
527 174 647
