100
7 8 5
3 5 3
853 692 125
1000 1000 1
4 5 2
276 335 880
69 90 682
360 585 784
905 158 860
145 932 141
932 164 125
211 3 3
74 78 70
168 337 76
490 864 445
179 445 65
2 1 1
985 172 102
830 530 108
53 381 23
45 56 35
206 900 283
736 5 5
513 513 257
185 532 169
2 3 2
513 513 256
638 850 30
190 209 630
840 826 833
639 597 702
512 512 257
858 406 341
157 619 324
5 4 4
4 516 3
638 339 16
4 5 2
513 513 1
513 513 512
795 244 163
615 494 980
29 199 2
2 1 5
4 4 1
331 379 69
2 5 3
801 196 815
689 440 541
3 4 2
989 970 988
18 131 145
552 50 40
870 1 943
983 954 507
5 5 1
353 954 450
29 703 11
696 499 432
856 357 998
4 1 1
110 792 355
4 1 1
204 896 169
860 892 964
1 1 1
316 607 297
512 512 513
512 512 256
512 512 2
903 406 558
628 609 299
5 1 5
61 72 51
2 1 1
475 818 243
597 25 838
494 970 266
512 512 1
137 228 2
556 191 97
2 4 2
1 5 1
5 4 4
424 546 243
103 143 88
5 2 2
3 5 4
1 1 1000
963 287 363
3 3 5
633 669 20
64 565 41
826 828 879
566 49 884
843 614 473
844 810 968
513 513 2
1 3 1
984 182 164
