100
512 512 257
493 908 572
443 272 138
7 8 5
165 787 684
13 713 773
460 1 1
2 5 5
414 65 834
513 513 1
4 4 4
848 23 842
755 913 419
558 877 915
404 72 39
3 5 4
650 433 400
655 114 22
101 341 22
512 512 256
995 69 381
891 413 239
146 30 728
5 2 1
513 513 256
513 513 257
512 512 513
529 563 775
282 330 67
787 596 936
3 4 2
47 956 215
380 479 160
841 684 966
689 177 125
1 1 1000
4 1 1
844 24 276
5 3 1
85 427 84
55 300 354
512 512 1
60 867 14
665 800 107
3 4 1
488 312 157
377 569 602
602 943 506
952 644 625
3 3 3
4 5 5
64 254 48
878 663 736
321 445 6
1 3 1
374 433 79
420 528 432
4 5 2
384 690 126
326 115 13
575 529 343
3 1 4
234 455 272
566 961 370
356 883 354
512 512 2
513 513 2
4 5 5
452 817 76
253 790 640
4 2 4
1 1 1
603 934 813
350 120 610
3 4 2
557 938 411
1000 1000 1
283 439 145
1 5 2
513 513 512
45 56 35
103 143 88
103 260 61
617 731 106
846 528 60
3 3 2
360 83 31
734 947 788
227 950 884
232 429 90
3 3 5
969 108 403
18 48 18
5 5 5
157 552 477
4 1 3
64 155 24
391 27 16
3 2 2
308 318 42
