100
6 0100001
2 001
0 3
0 1
2 001
1 59
6 2020222
3 1221
6 2011212
6 0000001
3 0041
6 0005001
3 4308
6 9000001
6 7455741
6 9790697
1 56
6 7106512
5 110011
6 3381843
6 8000001
4 00501
6 0221202
6 0005701
0 1
0 1
6 2200101
6 0000001
2 001
6 0000701
6 2102022
4 00081
6 8000001
4 11111
0 1
6 0000509
5 208801
0 1
6 0003001
4 90001
6 1000212
1 21
6 3150392
6 1122101
4 50001
6 0000805
5 221101
4 60001
3 7001
6 7469131
6 3267931
3 1612
0 1
2 001
6 1111111
6 2730634
2 001
1 09
6 3509001
3 0071
6 2000001
6 1210111
4 26867
6 3003041
3 4224
0 1
3 8109
6 4000001
3 0306
6 7000002
6 5600009
1 02
4 96487
1 71
6 2067009
6 2304091
6 5095001
6 1112021
6 0007001
3 4091
4 92802
6 0210122
3 0222
6 7338665
6 0000001
6 0000001
3 9901
5 300901
5 000001
6 0000001
6 3004091
1 21
6 0606021
6 0600001
0 1
6 0000001
6 9999999
6 0000001
6 2120112
6 5278863
