100
1
3
4
1 2 1 2
1
4
4
8 8 8 8
3
3 9 6
1
8
5
1 4 2 2 5
6
3 3 5 5 9 9
3
6 5 4
3
4 7 1
3
9 9 9
6
7 7 7 7 7 9
5
3 3 3 1 2
5
5 3 4 2 3
1
9
2
9 9
3
7 5 3
3
9 5 1
4
4 3 4 7
6
9 9 9 9 9 9
5
8 8 8 8 8
1
6
4
1 5 5 2
2
9 6
2
2 1
3
8 5 2
4
4 4 8 2
2
9 7
1
4
3
9 4 9
1
7
4
2 2 3 2
6
3 6 6 6 9 9
5
5 3 4 1 1
4
7 4 3 7
4
1 9 2 1
3
9 4 7
2
4 9
4
3 6 4 9
4
2 6 4 4
4
6 5 2 6
3
5 4 3
2
8 4
2
6 6
3
6 4 6
3
9 2 7
4
9 5 1 6
2
7 7
4
9 9 9 9
5
1 3 5 3 5
6
6 5 4 3 2 1
3
8 8 8
3
6 8 5
3
2 6 2
5
1 5 4 2 2
2
8 8
6
5 5 5 5 9 9
4
8 2 6 1
1
1
4
8 8 3 8
3
6 2 8
4
4 9 9 3
5
1 5 4 5 4
3
6 2 4
3
8 9 8
2
9 9
2
9 8
3
3 2 1
4
6 1 8 5
4
6 4 2 7
5
1 3 3 2 3
3
2 7 6
3
1 9 7
4
7 3 6 5
5
5 7 1 1 7
5
2 5 5 2 2
6
5 5 5 9 9 9
3
9 7 9
6
2 9 9 9 3 3
4
1 6 9 4
3
2 1 7
4
4 3 2 1
5
5 4 3 2 1
6
6 6 6 6 9 9
3
2 1 4
2
5 5
5
4 9 7 7 6
5
3 4 2 7 9
5
3 1 4 3 3
3
4 7 7
3
8 6 8
1
5
2
4 8
5
9 9 9 9 9
6
1 1 5 5 9 9
3
7 5 3
6
5 6 9 6 9 6
4
8 4 1 1
4
3 9 5 6
4
5 6 3 3
