100
1
3
4
1 2 1 2
1
4
3
8 5 2
4
7 2 2 4
3
9 3 5
3
6 5 4
5
4 2 2 2 1
3
8 8 8
3
2 6 5
3
6 1 8
5
1 5 1 2 5
5
2 4 2 2 1
5
2 1 3 1 4
4
3 4 5 6
2
9 7
4
9 9 9 9
1
4
6
5 5 5 9 9 9
3
9 8 2
4
4 8 2 3
2
5 5
1
7
1
6
2
9 6
3
8 4 9
5
4 9 2 4 6
5
8 8 8 8 8
2
4 9
6
1 1 5 5 9 9
4
2 4 4 4
4
4 3 4 2
4
4 1 1 1
4
6 1 2 9
6
9 9 9 9 9 9
2
2 1
1
1
5
4 1 5 5 5
3
3 6 6
3
9 9 9
5
5 3 4 5 4
6
2 9 9 9 3 3
2
9 8
4
2 6 1 2
4
7 7 9 6
3
7 1 4
3
7 6 2
4
5 4 5 8
3
9 5 1
4
7 4 8 9
4
4 3 3 3
5
7 5 5 6 5
2
9 9
4
1 4 6 3
3
5 6 8
4
4 3 2 1
6
3 6 6 6 9 9
2
7 7
4
8 2 6 5
4
6 2 9 9
1
9
6
5 5 5 5 9 9
3
7 5 3
3
3 1 5
6
3 3 5 5 9 9
6
6 6 6 6 9 9
1
8
5
2 3 5 1 2
2
9 9
4
2 7 2 5
3
3 4 5
4
8 8 8 8
6
5 6 9 6 9 6
3
3 2 1
5
3 5 2 5 4
6
7 7 7 7 7 9
3
9 2 1
2
8 8
5
4 6 3 6 4
3
4 2 6
3
4 7 9
3
7 8 5
5
5 4 3 2 1
4
9 8 1 5
3
3 4 6
2
4 8
3
4 3 7
5
9 9 9 9 9
6
6 5 4 3 2 1
5
2 2 4 3 3
2
6 6
3
4 1 9
3
1 7 5
4
7 8 6 9
1
5
4
8 5 9 6
3
3 1 7
5
1 4 4 3 5
2
8 4
4
3 6 2 9
