100
1
3
4
1 2 1 2
1
4
2
4 9
4
6 9 5 3
6
6 6 6 6 9 9
4
5 8 7 1
3
9 6 9
4
8 8 8 8
4
1 7 4 1
6
1 1 5 5 9 9
4
7 7 1 5
3
8 4 1
3
7 4 3
3
9 9 9
5
5 4 2 3 2
5
1 4 5 2 3
6
6 5 4 3 2 1
5
5 4 3 2 1
3
4 3 1
4
4 3 2 1
2
9 9
5
8 3 4 2 1
5
3 5 5 4 4
5
9 9 9 9 9
1
1
2
8 4
4
6 5 5 1
6
3 6 6 6 9 9
5
3 5 6 2 9
4
9 7 6 2
5
3 4 2 3 1
3
4 8 4
2
7 7
1
7
2
5 5
4
2 5 3 6
2
8 8
3
7 5 3
3
5 4 6
3
5 7 6
1
8
5
8 8 8 8 8
3
1 2 9
1
9
3
1 8 8
3
1 6 8
5
1 4 2 3 2
5
5 5 3 3 4
3
5 9 2
1
4
3
9 1 3
3
8 8 8
2
9 7
3
8 5 2
3
8 2 4
3
2 2 5
4
7 6 9 8
6
2 9 9 9 3 3
2
6 6
2
9 9
4
8 3 9 2
4
3 1 2 4
6
9 9 9 9 9 9
4
1 6 3 6
5
8 1 1 8 2
4
8 1 2 1
4
8 4 4 7
4
5 8 4 6
6
5 6 9 6 9 6
2
9 6
6
3 3 5 5 9 9
5
1 5 5 1 4
5
3 1 2 1 3
2
9 8
3
3 2 1
3
6 5 4
3
8 1 5
3
9 5 1
1
6
6
5 5 5 9 9 9
2
4 8
2
2 1
6
7 7 7 7 7 9
4
7 4 2 3
4
4 2 3 1
3
2 7 3
1
5
4
5 8 6 2
3
9 9 5
4
1 2 5 6
3
5 4 7
4
7 6 5 8
4
8 8 5 1
3
7 3 4
6
5 5 5 5 9 9
5
3 3 1 2 4
4
9 9 9 9
5
1 3 4 4 3
3
7 1 3
