100
1
3
4
1 2 1 2
1
4
5
4 4 8 6 9
1
7
3
8 5 2
4
4 6 7 4
2
8 8
4
5 6 3 8
3
9 5 1
4
8 8 8 8
3
3 2 1
5
3 4 2 4 1
3
3 3 3
1
1
1
8
6
6 5 4 3 2 1
5
2 4 3 3 3
4
6 9 5 3
5
7 1 4 8 2
3
8 2 2
2
9 7
1
5
3
5 4 1
3
6 7 8
2
5 5
3
8 8 8
4
1 8 3 9
3
9 8 4
6
9 9 9 9 9 9
4
3 8 7 4
6
3 3 5 5 9 9
3
2 6 9
6
7 7 7 7 7 9
4
9 3 7 5
3
2 6 8
2
8 4
5
5 1 3 1 3
6
6 6 6 6 9 9
2
9 8
6
5 6 9 6 9 6
2
2 1
5
6 7 4 5 4
3
1 8 5
5
1 1 5 2 5
5
2 1 3 2 2
4
2 6 3 1
2
4 9
4
3 6 5 5
3
4 1 5
4
4 4 4 3
4
5 1 4 5
4
2 6 8 7
4
8 6 1 1
5
5 2 1 2 4
2
9 9
4
9 6 3 5
1
9
4
3 8 5 3
3
4 5 8
5
9 9 9 9 9
6
2 9 9 9 3 3
3
4 8 3
6
5 5 5 5 9 9
3
6 3 7
4
7 2 9 5
3
7 5 3
6
5 5 5 9 9 9
4
6 6 9 7
3
5 6 1
6
1 1 5 5 9 9
3
7 6 9
1
4
5
5 4 3 2 1
3
4 8 3
4
1 5 8 2
2
9 6
3
6 5 4
4
4 3 2 1
4
2 6 5 9
4
8 6 4 4
2
6 6
2
9 9
5
2 4 2 2 1
3
3 8 1
2
7 7
5
8 8 8 8 8
1
6
5
2 1 2 2 1
3
6 2 4
4
9 9 9 9
6
3 6 6 6 9 9
3
9 7 2
4
4 5 5 8
3
6 9 1
5
4 2 3 2 1
2
4 8
3
9 9 9
5
3 5 5 5 5
3
7 2 6
