100
3 1 5 15 13 11
3 0 8 23 22 21
2 1 3 6 5
2 1 7 17 18
1 0 10 11
3 0 10 30 30 30
3 0 3 0 6 19
2 2 8 7 18
3 3 1 7 19 13
2 0 5 25 14
3 3 5 26 5 24
2 0 10 9 16
2 2 4 8 7
2 2 0 19 14
3 0 5 11 6 0
2 1 2 10 4
1 1 4 15
3 2 1 14 24 0
1 0 5 2
1 0 3 5
3 3 4 13 5 20
1 0 9 23
1 0 9 4
1 0 8 20
3 1 4 8 8 20
3 3 3 5 23 4
2 0 1 8 19
2 2 9 9 3
3 3 5 11 2 5
1 1 9 19
3 2 7 17 18 17
1 0 3 0
3 1 0 21 5 1
1 1 9 20
2 0 2 3 24
3 0 1 20 6 9
3 0 1 0 0 0
1 1 9 24
2 0 6 14 14
3 2 0 23 18 29
1 0 4 29
3 0 5 5 14 29
2 2 4 8 23
1 1 6 26
3 0 8 0 25 8
2 2 2 22 22
2 0 4 5 0
1 0 5 7
2 0 10 9 28
3 2 10 21 8 4
2 1 5 11 11
1 0 4 28
3 0 5 1 11 11
3 2 9 24 13 14
2 0 6 22 24
2 1 2 26 2
2 2 4 22 13
1 0 8 20
3 1 6 16 1 12
2 0 2 5 3
2 0 3 6 6
1 1 1 26
3 3 3 26 2 4
1 0 6 15
3 0 8 15 28 5
1 0 8 17
2 0 9 24 23
2 1 9 17 1
1 0 8 20
3 0 10 13 9 3
2 0 4 12 9
2 0 10 8 23
2 0 0 0 0
1 0 2 3
2 2 1 18 10
2 0 2 2 10
2 1 7 17 17
1 1 1 22
2 0 3 15 25
3 1 9 24 23 24
2 0 0 30 30
1 0 6 7
1 0 6 24
1 0 9 10
2 1 8 13 3
1 0 7 18
2 1 6 28 10
2 0 9 15 23
2 0 2 3 24
3 0 5 10 4 16
1 1 9 23
2 0 5 11 11
2 0 4 12 6
3 0 9 17 29 5
1 0 5 8
1 1 6 5
3 3 1 11 7 24
2 1 3 6 6
3 1 4 11 9 8
2 2 6 6 6
