100
0
1
2
11
1692
720621
10
40
562688
463233
105196
999999
557761
111588
125
724272
973952
944158
12500
1250
268722
905853
999996
438994
999992
472223
428684
413551
570504
440872
15221
156931
989455
23071
7
999993
388446
364464
723930
20
999995
5
959647
166
125000
397004
4
460882
420564
745498
866418
236404
324133
334092
34
809279
493866
302888
271001
826179
847362
395784
775703
458541
670048
212325
10148
964463
716395
517502
102294
1000000
105370
540616
999991
258584
194024
777863
124
221105
616357
344832
118682
200
6
999998
3
25
9
1448
974194
999997
651749
999994
8
33135
807563
827030
875082
669704
