1
144
1
19
23
262144
2
77
11100
101000
20
900000
10010
100001
99000
1000000
2002
22
102
11
199
30
4096
10110
2100
12000
321098
2000
999
101001
10
90
31
91
201
111
432109
2201
999900
999899
8
11101
12001
12
8192
2200
989999
2001
109876
901
1000
990000
11111
10001
32
11110
100000
1100
10999
29
10000
10111
99001
990001
200
1099
1998
1110
999998
1999
11010
1111
999901
1101
999000
999991
9
899999
100
900
10100
11000
876543
10101
99
10011
999990
999999
999989
101
2101
1001
21
11001
9999
19
678901
900001
110
999001
998999
11011
