100
1
19
23
29
262144
2200
901
91
999989
12001
999990
16
1001
21
12000
109876
999000
8192
31
10101
32
1000000
9
10100
77
789012
10001
999001
524288
654321
10
11010
1100
2001
2101
10010
110
100001
11001
10011
1024
19
999
678901
199
900001
1101
998999
990001
10000
899999
2100
11000
2002
200
999991
101000
22
2201
111
10111
11
999901
90
1000
99000
1999
99001
9999
12
999899
100000
990000
101
201
11101
900000
11110
999998
900
567890
20
1099
11111
11100
100
2000
1110
989999
1111
1998
11011
102
10999
10110
999999
30
101001
999900
99
