94
103 31
217 1891 4819 2291 2987 3811 1739 2491 4717 445 65 1079 8383 5353 901 187 649 1003 697 3239 7663 291 123 779 1007 3551 1943 2117 1679 989 3053
10000 25
3292937 175597 18779 50429 375469 1651121 2102 3722 2376497 611683 489059 2328901 3150061 829981 421301 76409 38477 291931 730241 959821 1664197 3057407 4267589 4729181 5335543
10000 99
96176573 97218871 98168023 97592141 98024617 98124347 97002701 97318189 98127611 97113629 95648279 97234421 98982277 98384257 96765413 95941961 96724921 96883049 96569353 97810579 98783621 97171883 96214717 96648161 96844381 97732771 97316929 97533167 97414091 96766169 97653299 96900367 96176573 97218871 98168023 97592141 98024617 98124347 97002701 97318189 98127611 97113629 95648279 97234421 98982277 98384257 96765413 95941961 96724921 96883049 96569353 97810579 98783621 97171883 96214717 96648161 96844381 97732771 97316929 97533167 97414091 96766169 97653299 96900367 96176573 97218871 98168023 97592141 98024617 98124347 97002701 97318189 98127611 97113629 95648279 97234421 98982277 98384257 96765413 95941961 96724921 96883049 96569353 97810579 98783621 97171883 96214717 96648161 96844381 97732771 97316929 97533167 97414091 96766169 97653299 96761669 96761669 96959809 95941961
103 31
217 1891 4819 2291 2987 3811 1739 2491 4717 445 65 1079 8383 5353 901 187 649 1003 697 3239 7663 291 123 779 1007 3551 1943 2117 1679 989 3053
10000 25
3292937 175597 18779 50429 375469 1651121 2102 3722 2376497 611683 489059 2328901 3150061 829981 421301 76409 38477 291931 730241 959821 1664197 3057407 4267589 4729181 5335543
10000 99
96176573 97218871 98168023 97592141 98024617 98124347 97002701 97318189 98127611 97113629 95648279 97234421 98982277 98384257 96765413 95941961 96724921 96883049 96569353 97810579 98783621 97171883 96214717 96648161 96844381 97732771 97316929 97533167 97414091 96766169 97653299 96900367 96176573 97218871 98168023 97592141 98024617 98124347 97002701 97318189 98127611 97113629 95648279 97234421 98982277 98384257 96765413 95941961 96724921 96883049 96569353 97810579 98783621 97171883 96214717 96648161 96844381 97732771 97316929 97533167 97414091 96766169 97653299 96900367 96176573 97218871 98168023 97592141 98024617 98124347 97002701 97318189 98127611 97113629 95648279 97234421 98982277 98384257 96765413 95941961 96724921 96883049 96569353 97810579 98783621 97171883 96214717 96648161 96844381 97732771 97316929 97533167 97414091 96766169 97653299 96761669 96761669 96959809 95941961
103 31
217 1891 4819 2291 2987 3811 1739 2491 4717 445 65 1079 8383 5353 901 187 649 1003 697 3239 7663 291 123 779 1007 3551 1943 2117 1679 989 3053
10000 25
3292937 175597 18779 50429 375469 1651121 2102 3722 2376497 611683 489059 2328901 3150061 829981 421301 76409 38477 291931 730241 959821 1664197 3057407 4267589 4729181 5335543
10000 99
96176573 97218871 98168023 97592141 98024617 98124347 97002701 97318189 98127611 97113629 95648279 97234421 98982277 98384257 96765413 95941961 96724921 96883049 96569353 97810579 98783621 97171883 96214717 96648161 96844381 97732771 97316929 97533167 97414091 96766169 97653299 96900367 96176573 97218871 98168023 97592141 98024617 98124347 97002701 97318189 98127611 97113629 95648279 97234421 98982277 98384257 96765413 95941961 96724921 96883049 96569353 97810579 98783621 97171883 96214717 96648161 96844381 97732771 97316929 97533167 97414091 96766169 97653299 96900367 96176573 97218871 98168023 97592141 98024617 98124347 97002701 97318189 98127611 97113629 95648279 97234421 98982277 98384257 96765413 95941961 96724921 96883049 96569353 97810579 98783621 97171883 96214717 96648161 96844381 97732771 97316929 97533167 97414091 96766169 97653299 96761669 96761669 96959809 95941961
103 31
217 1891 4819 2291 2987 3811 1739 2491 4717 445 65 1079 8383 5353 901 187 649 1003 697 3239 7663 291 123 779 1007 3551 1943 2117 1679 989 3053
10000 25
3292937 175597 18779 50429 375469 1651121 2102 3722 2376497 611683 489059 2328901 3150061 829981 421301 76409 38477 291931 730241 959821 1664197 3057407 4267589 4729181 5335543
10000 99
96176573 97218871 98168023 97592141 98024617 98124347 97002701 97318189 98127611 97113629 95648279 97234421 98982277 98384257 96765413 95941961 96724921 96883049 96569353 97810579 98783621 97171883 96214717 96648161 96844381 97732771 97316929 97533167 97414091 96766169 97653299 96900367 96176573 97218871 98168023 97592141 98024617 98124347 97002701 97318189 98127611 97113629 95648279 97234421 98982277 98384257 96765413 95941961 96724921 96883049 96569353 97810579 98783621 97171883 96214717 96648161 96844381 97732771 97316929 97533167 97414091 96766169 97653299 96900367 96176573 97218871 98168023 97592141 98024617 98124347 97002701 97318189 98127611 97113629 95648279 97234421 98982277 98384257 96765413 95941961 96724921 96883049 96569353 97810579 98783621 97171883 96214717 96648161 96844381 97732771 97316929 97533167 97414091 96766169 97653299 96761669 96761669 96959809 95941961
103 31
217 1891 4819 2291 2987 3811 1739 2491 4717 445 65 1079 8383 5353 901 187 649 1003 697 3239 7663 291 123 779 1007 3551 1943 2117 1679 989 3053
10000 25
3292937 175597 18779 50429 375469 1651121 2102 3722 2376497 611683 489059 2328901 3150061 829981 421301 76409 38477 291931 730241 959821 1664197 3057407 4267589 4729181 5335543
10000 99
96176573 97218871 98168023 97592141 98024617 98124347 97002701 97318189 98127611 97113629 95648279 97234421 98982277 98384257 96765413 95941961 96724921 96883049 96569353 97810579 98783621 97171883 96214717 96648161 96844381 97732771 97316929 97533167 97414091 96766169 97653299 96900367 96176573 97218871 98168023 97592141 98024617 98124347 97002701 97318189 98127611 97113629 95648279 97234421 98982277 98384257 96765413 95941961 96724921 96883049 96569353 97810579 98783621 97171883 96214717 96648161 96844381 97732771 97316929 97533167 97414091 96766169 97653299 96900367 96176573 97218871 98168023 97592141 98024617 98124347 97002701 97318189 98127611 97113629 95648279 97234421 98982277 98384257 96765413 95941961 96724921 96883049 96569353 97810579 98783621 97171883 96214717 96648161 96844381 97732771 97316929 97533167 97414091 96766169 97653299 96761669 96761669 96959809 95941961
103 31
217 1891 4819 2291 2987 3811 1739 2491 4717 445 65 1079 8383 5353 901 187 649 1003 697 3239 7663 291 123 779 1007 3551 1943 2117 1679 989 3053
10000 25
3292937 175597 18779 50429 375469 1651121 2102 3722 2376497 611683 489059 2328901 3150061 829981 421301 76409 38477 291931 730241 959821 1664197 3057407 4267589 4729181 5335543
10000 99
96176573 97218871 98168023 97592141 98024617 98124347 97002701 97318189 98127611 97113629 95648279 97234421 98982277 98384257 96765413 95941961 96724921 96883049 96569353 97810579 98783621 97171883 96214717 96648161 96844381 97732771 97316929 97533167 97414091 96766169 97653299 96900367 96176573 97218871 98168023 97592141 98024617 98124347 97002701 97318189 98127611 97113629 95648279 97234421 98982277 98384257 96765413 95941961 96724921 96883049 96569353 97810579 98783621 97171883 96214717 96648161 96844381 97732771 97316929 97533167 97414091 96766169 97653299 96900367 96176573 97218871 98168023 97592141 98024617 98124347 97002701 97318189 98127611 97113629 95648279 97234421 98982277 98384257 96765413 95941961 96724921 96883049 96569353 97810579 98783621 97171883 96214717 96648161 96844381 97732771 97316929 97533167 97414091 96766169 97653299 96761669 96761669 96959809 95941961
103 31
217 1891 4819 2291 2987 3811 1739 2491 4717 445 65 1079 8383 5353 901 187 649 1003 697 3239 7663 291 123 779 1007 3551 1943 2117 1679 989 3053
10000 25
3292937 175597 18779 50429 375469 1651121 2102 3722 2376497 611683 489059 2328901 3150061 829981 421301 76409 38477 291931 730241 959821 1664197 3057407 4267589 4729181 5335543
10000 99
96176573 97218871 98168023 97592141 98024617 98124347 97002701 97318189 98127611 97113629 95648279 97234421 98982277 98384257 96765413 95941961 96724921 96883049 96569353 97810579 98783621 97171883 96214717 96648161 96844381 97732771 97316929 97533167 97414091 96766169 97653299 96900367 96176573 97218871 98168023 97592141 98024617 98124347 97002701 97318189 98127611 97113629 95648279 97234421 98982277 98384257 96765413 95941961 96724921 96883049 96569353 97810579 98783621 97171883 96214717 96648161 96844381 97732771 97316929 97533167 97414091 96766169 97653299 96900367 96176573 97218871 98168023 97592141 98024617 98124347 97002701 97318189 98127611 97113629 95648279 97234421 98982277 98384257 96765413 95941961 96724921 96883049 96569353 97810579 98783621 97171883 96214717 96648161 96844381 97732771 97316929 97533167 97414091 96766169 97653299 96761669 96761669 96959809 95941961
103 31
217 1891 4819 2291 2987 3811 1739 2491 4717 445 65 1079 8383 5353 901 187 649 1003 697 3239 7663 291 123 779 1007 3551 1943 2117 1679 989 3053
10000 25
3292937 175597 18779 50429 375469 1651121 2102 3722 2376497 611683 489059 2328901 3150061 829981 421301 76409 38477 291931 730241 959821 1664197 3057407 4267589 4729181 5335543
10000 99
96176573 97218871 98168023 97592141 98024617 98124347 97002701 97318189 98127611 97113629 95648279 97234421 98982277 98384257 96765413 95941961 96724921 96883049 96569353 97810579 98783621 97171883 96214717 96648161 96844381 97732771 97316929 97533167 97414091 96766169 97653299 96900367 96176573 97218871 98168023 97592141 98024617 98124347 97002701 97318189 98127611 97113629 95648279 97234421 98982277 98384257 96765413 95941961 96724921 96883049 96569353 97810579 98783621 97171883 96214717 96648161 96844381 97732771 97316929 97533167 97414091 96766169 97653299 96900367 96176573 97218871 98168023 97592141 98024617 98124347 97002701 97318189 98127611 97113629 95648279 97234421 98982277 98384257 96765413 95941961 96724921 96883049 96569353 97810579 98783621 97171883 96214717 96648161 96844381 97732771 97316929 97533167 97414091 96766169 97653299 96761669 96761669 96959809 95941961
103 31
217 1891 4819 2291 2987 3811 1739 2491 4717 445 65 1079 8383 5353 901 187 649 1003 697 3239 7663 291 123 779 1007 3551 1943 2117 1679 989 3053
10000 25
3292937 175597 18779 50429 375469 1651121 2102 3722 2376497 611683 489059 2328901 3150061 829981 421301 76409 38477 291931 730241 959821 1664197 3057407 4267589 4729181 5335543
10000 99
96176573 97218871 98168023 97592141 98024617 98124347 97002701 97318189 98127611 97113629 95648279 97234421 98982277 98384257 96765413 95941961 96724921 96883049 96569353 97810579 98783621 97171883 96214717 96648161 96844381 97732771 97316929 97533167 97414091 96766169 97653299 96900367 96176573 97218871 98168023 97592141 98024617 98124347 97002701 97318189 98127611 97113629 95648279 97234421 98982277 98384257 96765413 95941961 96724921 96883049 96569353 97810579 98783621 97171883 96214717 96648161 96844381 97732771 97316929 97533167 97414091 96766169 97653299 96900367 96176573 97218871 98168023 97592141 98024617 98124347 97002701 97318189 98127611 97113629 95648279 97234421 98982277 98384257 96765413 95941961 96724921 96883049 96569353 97810579 98783621 97171883 96214717 96648161 96844381 97732771 97316929 97533167 97414091 96766169 97653299 96761669 96761669 96959809 95941961
103 31
217 1891 4819 2291 2987 3811 1739 2491 4717 445 65 1079 8383 5353 901 187 649 1003 697 3239 7663 291 123 779 1007 3551 1943 2117 1679 989 3053
10000 25
3292937 175597 18779 50429 375469 1651121 2102 3722 2376497 611683 489059 2328901 3150061 829981 421301 76409 38477 291931 730241 959821 1664197 3057407 4267589 4729181 5335543
10000 99
96176573 97218871 98168023 97592141 98024617 98124347 97002701 97318189 98127611 97113629 95648279 97234421 98982277 98384257 96765413 95941961 96724921 96883049 96569353 97810579 98783621 97171883 96214717 96648161 96844381 97732771 97316929 97533167 97414091 96766169 97653299 96900367 96176573 97218871 98168023 97592141 98024617 98124347 97002701 97318189 98127611 97113629 95648279 97234421 98982277 98384257 96765413 95941961 96724921 96883049 96569353 97810579 98783621 97171883 96214717 96648161 96844381 97732771 97316929 97533167 97414091 96766169 97653299 96900367 96176573 97218871 98168023 97592141 98024617 98124347 97002701 97318189 98127611 97113629 95648279 97234421 98982277 98384257 96765413 95941961 96724921 96883049 96569353 97810579 98783621 97171883 96214717 96648161 96844381 97732771 97316929 97533167 97414091 96766169 97653299 96761669 96761669 96959809 95941961
103 31
217 1891 4819 2291 2987 3811 1739 2491 4717 445 65 1079 8383 5353 901 187 649 1003 697 3239 7663 291 123 779 1007 3551 1943 2117 1679 989 3053
10000 25
3292937 175597 18779 50429 375469 1651121 2102 3722 2376497 611683 489059 2328901 3150061 829981 421301 76409 38477 291931 730241 959821 1664197 3057407 4267589 4729181 5335543
10000 99
96176573 97218871 98168023 97592141 98024617 98124347 97002701 97318189 98127611 97113629 95648279 97234421 98982277 98384257 96765413 95941961 96724921 96883049 96569353 97810579 98783621 97171883 96214717 96648161 96844381 97732771 97316929 97533167 97414091 96766169 97653299 96900367 96176573 97218871 98168023 97592141 98024617 98124347 97002701 97318189 98127611 97113629 95648279 97234421 98982277 98384257 96765413 95941961 96724921 96883049 96569353 97810579 98783621 97171883 96214717 96648161 96844381 97732771 97316929 97533167 97414091 96766169 97653299 96900367 96176573 97218871 98168023 97592141 98024617 98124347 97002701 97318189 98127611 97113629 95648279 97234421 98982277 98384257 96765413 95941961 96724921 96883049 96569353 97810579 98783621 97171883 96214717 96648161 96844381 97732771 97316929 97533167 97414091 96766169 97653299 96761669 96761669 96959809 95941961
103 31
217 1891 4819 2291 2987 3811 1739 2491 4717 445 65 1079 8383 5353 901 187 649 1003 697 3239 7663 291 123 779 1007 3551 1943 2117 1679 989 3053
10000 25
3292937 175597 18779 50429 375469 1651121 2102 3722 2376497 611683 489059 2328901 3150061 829981 421301 76409 38477 291931 730241 959821 1664197 3057407 4267589 4729181 5335543
10000 99
96176573 97218871 98168023 97592141 98024617 98124347 97002701 97318189 98127611 97113629 95648279 97234421 98982277 98384257 96765413 95941961 96724921 96883049 96569353 97810579 98783621 97171883 96214717 96648161 96844381 97732771 97316929 97533167 97414091 96766169 97653299 96900367 96176573 97218871 98168023 97592141 98024617 98124347 97002701 97318189 98127611 97113629 95648279 97234421 98982277 98384257 96765413 95941961 96724921 96883049 96569353 97810579 98783621 97171883 96214717 96648161 96844381 97732771 97316929 97533167 97414091 96766169 97653299 96900367 96176573 97218871 98168023 97592141 98024617 98124347 97002701 97318189 98127611 97113629 95648279 97234421 98982277 98384257 96765413 95941961 96724921 96883049 96569353 97810579 98783621 97171883 96214717 96648161 96844381 97732771 97316929 97533167 97414091 96766169 97653299 96761669 96761669 96959809 95941961
103 31
217 1891 4819 2291 2987 3811 1739 2491 4717 445 65 1079 8383 5353 901 187 649 1003 697 3239 7663 291 123 779 1007 3551 1943 2117 1679 989 3053
10000 25
3292937 175597 18779 50429 375469 1651121 2102 3722 2376497 611683 489059 2328901 3150061 829981 421301 76409 38477 291931 730241 959821 1664197 3057407 4267589 4729181 5335543
10000 99
96176573 97218871 98168023 97592141 98024617 98124347 97002701 97318189 98127611 97113629 95648279 97234421 98982277 98384257 96765413 95941961 96724921 96883049 96569353 97810579 98783621 97171883 96214717 96648161 96844381 97732771 97316929 97533167 97414091 96766169 97653299 96900367 96176573 97218871 98168023 97592141 98024617 98124347 97002701 97318189 98127611 97113629 95648279 97234421 98982277 98384257 96765413 95941961 96724921 96883049 96569353 97810579 98783621 97171883 96214717 96648161 96844381 97732771 97316929 97533167 97414091 96766169 97653299 96900367 96176573 97218871 98168023 97592141 98024617 98124347 97002701 97318189 98127611 97113629 95648279 97234421 98982277 98384257 96765413 95941961 96724921 96883049 96569353 97810579 98783621 97171883 96214717 96648161 96844381 97732771 97316929 97533167 97414091 96766169 97653299 96761669 96761669 96959809 95941961
103 31
217 1891 4819 2291 2987 3811 1739 2491 4717 445 65 1079 8383 5353 901 187 649 1003 697 3239 7663 291 123 779 1007 3551 1943 2117 1679 989 3053
10000 25
3292937 175597 18779 50429 375469 1651121 2102 3722 2376497 611683 489059 2328901 3150061 829981 421301 76409 38477 291931 730241 959821 1664197 3057407 4267589 4729181 5335543
10000 99
96176573 97218871 98168023 97592141 98024617 98124347 97002701 97318189 98127611 97113629 95648279 97234421 98982277 98384257 96765413 95941961 96724921 96883049 96569353 97810579 98783621 97171883 96214717 96648161 96844381 97732771 97316929 97533167 97414091 96766169 97653299 96900367 96176573 97218871 98168023 97592141 98024617 98124347 97002701 97318189 98127611 97113629 95648279 97234421 98982277 98384257 96765413 95941961 96724921 96883049 96569353 97810579 98783621 97171883 96214717 96648161 96844381 97732771 97316929 97533167 97414091 96766169 97653299 96900367 96176573 97218871 98168023 97592141 98024617 98124347 97002701 97318189 98127611 97113629 95648279 97234421 98982277 98384257 96765413 95941961 96724921 96883049 96569353 97810579 98783621 97171883 96214717 96648161 96844381 97732771 97316929 97533167 97414091 96766169 97653299 96761669 96761669 96959809 95941961
103 31
217 1891 4819 2291 2987 3811 1739 2491 4717 445 65 1079 8383 5353 901 187 649 1003 697 3239 7663 291 123 779 1007 3551 1943 2117 1679 989 3053
10000 25
3292937 175597 18779 50429 375469 1651121 2102 3722 2376497 611683 489059 2328901 3150061 829981 421301 76409 38477 291931 730241 959821 1664197 3057407 4267589 4729181 5335543
10000 99
96176573 97218871 98168023 97592141 98024617 98124347 97002701 97318189 98127611 97113629 95648279 97234421 98982277 98384257 96765413 95941961 96724921 96883049 96569353 97810579 98783621 97171883 96214717 96648161 96844381 97732771 97316929 97533167 97414091 96766169 97653299 96900367 96176573 97218871 98168023 97592141 98024617 98124347 97002701 97318189 98127611 97113629 95648279 97234421 98982277 98384257 96765413 95941961 96724921 96883049 96569353 97810579 98783621 97171883 96214717 96648161 96844381 97732771 97316929 97533167 97414091 96766169 97653299 96900367 96176573 97218871 98168023 97592141 98024617 98124347 97002701 97318189 98127611 97113629 95648279 97234421 98982277 98384257 96765413 95941961 96724921 96883049 96569353 97810579 98783621 97171883 96214717 96648161 96844381 97732771 97316929 97533167 97414091 96766169 97653299 96761669 96761669 96959809 95941961
103 31
217 1891 4819 2291 2987 3811 1739 2491 4717 445 65 1079 8383 5353 901 187 649 1003 697 3239 7663 291 123 779 1007 3551 1943 2117 1679 989 3053
10000 25
3292937 175597 18779 50429 375469 1651121 2102 3722 2376497 611683 489059 2328901 3150061 829981 421301 76409 38477 291931 730241 959821 1664197 3057407 4267589 4729181 5335543
10000 99
96176573 97218871 98168023 97592141 98024617 98124347 97002701 97318189 98127611 97113629 95648279 97234421 98982277 98384257 96765413 95941961 96724921 96883049 96569353 97810579 98783621 97171883 96214717 96648161 96844381 97732771 97316929 97533167 97414091 96766169 97653299 96900367 96176573 97218871 98168023 97592141 98024617 98124347 97002701 97318189 98127611 97113629 95648279 97234421 98982277 98384257 96765413 95941961 96724921 96883049 96569353 97810579 98783621 97171883 96214717 96648161 96844381 97732771 97316929 97533167 97414091 96766169 97653299 96900367 96176573 97218871 98168023 97592141 98024617 98124347 97002701 97318189 98127611 97113629 95648279 97234421 98982277 98384257 96765413 95941961 96724921 96883049 96569353 97810579 98783621 97171883 96214717 96648161 96844381 97732771 97316929 97533167 97414091 96766169 97653299 96761669 96761669 96959809 95941961
103 31
217 1891 4819 2291 2987 3811 1739 2491 4717 445 65 1079 8383 5353 901 187 649 1003 697 3239 7663 291 123 779 1007 3551 1943 2117 1679 989 3053
10000 25
3292937 175597 18779 50429 375469 1651121 2102 3722 2376497 611683 489059 2328901 3150061 829981 421301 76409 38477 291931 730241 959821 1664197 3057407 4267589 4729181 5335543
10000 99
96176573 97218871 98168023 97592141 98024617 98124347 97002701 97318189 98127611 97113629 95648279 97234421 98982277 98384257 96765413 95941961 96724921 96883049 96569353 97810579 98783621 97171883 96214717 96648161 96844381 97732771 97316929 97533167 97414091 96766169 97653299 96900367 96176573 97218871 98168023 97592141 98024617 98124347 97002701 97318189 98127611 97113629 95648279 97234421 98982277 98384257 96765413 95941961 96724921 96883049 96569353 97810579 98783621 97171883 96214717 96648161 96844381 97732771 97316929 97533167 97414091 96766169 97653299 96900367 96176573 97218871 98168023 97592141 98024617 98124347 97002701 97318189 98127611 97113629 95648279 97234421 98982277 98384257 96765413 95941961 96724921 96883049 96569353 97810579 98783621 97171883 96214717 96648161 96844381 97732771 97316929 97533167 97414091 96766169 97653299 96761669 96761669 96959809 95941961
103 31
217 1891 4819 2291 2987 3811 1739 2491 4717 445 65 1079 8383 5353 901 187 649 1003 697 3239 7663 291 123 779 1007 3551 1943 2117 1679 989 3053
10000 25
3292937 175597 18779 50429 375469 1651121 2102 3722 2376497 611683 489059 2328901 3150061 829981 421301 76409 38477 291931 730241 959821 1664197 3057407 4267589 4729181 5335543
10000 99
96176573 97218871 98168023 97592141 98024617 98124347 97002701 97318189 98127611 97113629 95648279 97234421 98982277 98384257 96765413 95941961 96724921 96883049 96569353 97810579 98783621 97171883 96214717 96648161 96844381 97732771 97316929 97533167 97414091 96766169 97653299 96900367 96176573 97218871 98168023 97592141 98024617 98124347 97002701 97318189 98127611 97113629 95648279 97234421 98982277 98384257 96765413 95941961 96724921 96883049 96569353 97810579 98783621 97171883 96214717 96648161 96844381 97732771 97316929 97533167 97414091 96766169 97653299 96900367 96176573 97218871 98168023 97592141 98024617 98124347 97002701 97318189 98127611 97113629 95648279 97234421 98982277 98384257 96765413 95941961 96724921 96883049 96569353 97810579 98783621 97171883 96214717 96648161 96844381 97732771 97316929 97533167 97414091 96766169 97653299 96761669 96761669 96959809 95941961
103 31
217 1891 4819 2291 2987 3811 1739 2491 4717 445 65 1079 8383 5353 901 187 649 1003 697 3239 7663 291 123 779 1007 3551 1943 2117 1679 989 3053
10000 25
3292937 175597 18779 50429 375469 1651121 2102 3722 2376497 611683 489059 2328901 3150061 829981 421301 76409 38477 291931 730241 959821 1664197 3057407 4267589 4729181 5335543
10000 99
96176573 97218871 98168023 97592141 98024617 98124347 97002701 97318189 98127611 97113629 95648279 97234421 98982277 98384257 96765413 95941961 96724921 96883049 96569353 97810579 98783621 97171883 96214717 96648161 96844381 97732771 97316929 97533167 97414091 96766169 97653299 96900367 96176573 97218871 98168023 97592141 98024617 98124347 97002701 97318189 98127611 97113629 95648279 97234421 98982277 98384257 96765413 95941961 96724921 96883049 96569353 97810579 98783621 97171883 96214717 96648161 96844381 97732771 97316929 97533167 97414091 96766169 97653299 96900367 96176573 97218871 98168023 97592141 98024617 98124347 97002701 97318189 98127611 97113629 95648279 97234421 98982277 98384257 96765413 95941961 96724921 96883049 96569353 97810579 98783621 97171883 96214717 96648161 96844381 97732771 97316929 97533167 97414091 96766169 97653299 96761669 96761669 96959809 95941961
103 31
217 1891 4819 2291 2987 3811 1739 2491 4717 445 65 1079 8383 5353 901 187 649 1003 697 3239 7663 291 123 779 1007 3551 1943 2117 1679 989 3053
10000 25
3292937 175597 18779 50429 375469 1651121 2102 3722 2376497 611683 489059 2328901 3150061 829981 421301 76409 38477 291931 730241 959821 1664197 3057407 4267589 4729181 5335543
10000 99
96176573 97218871 98168023 97592141 98024617 98124347 97002701 97318189 98127611 97113629 95648279 97234421 98982277 98384257 96765413 95941961 96724921 96883049 96569353 97810579 98783621 97171883 96214717 96648161 96844381 97732771 97316929 97533167 97414091 96766169 97653299 96900367 96176573 97218871 98168023 97592141 98024617 98124347 97002701 97318189 98127611 97113629 95648279 97234421 98982277 98384257 96765413 95941961 96724921 96883049 96569353 97810579 98783621 97171883 96214717 96648161 96844381 97732771 97316929 97533167 97414091 96766169 97653299 96900367 96176573 97218871 98168023 97592141 98024617 98124347 97002701 97318189 98127611 97113629 95648279 97234421 98982277 98384257 96765413 95941961 96724921 96883049 96569353 97810579 98783621 97171883 96214717 96648161 96844381 97732771 97316929 97533167 97414091 96766169 97653299 96761669 96761669 96959809 95941961
103 31
217 1891 4819 2291 2987 3811 1739 2491 4717 445 65 1079 8383 5353 901 187 649 1003 697 3239 7663 291 123 779 1007 3551 1943 2117 1679 989 3053
10000 25
3292937 175597 18779 50429 375469 1651121 2102 3722 2376497 611683 489059 2328901 3150061 829981 421301 76409 38477 291931 730241 959821 1664197 3057407 4267589 4729181 5335543
10000 99
96176573 97218871 98168023 97592141 98024617 98124347 97002701 97318189 98127611 97113629 95648279 97234421 98982277 98384257 96765413 95941961 96724921 96883049 96569353 97810579 98783621 97171883 96214717 96648161 96844381 97732771 97316929 97533167 97414091 96766169 97653299 96900367 96176573 97218871 98168023 97592141 98024617 98124347 97002701 97318189 98127611 97113629 95648279 97234421 98982277 98384257 96765413 95941961 96724921 96883049 96569353 97810579 98783621 97171883 96214717 96648161 96844381 97732771 97316929 97533167 97414091 96766169 97653299 96900367 96176573 97218871 98168023 97592141 98024617 98124347 97002701 97318189 98127611 97113629 95648279 97234421 98982277 98384257 96765413 95941961 96724921 96883049 96569353 97810579 98783621 97171883 96214717 96648161 96844381 97732771 97316929 97533167 97414091 96766169 97653299 96761669 96761669 96959809 95941961
103 31
217 1891 4819 2291 2987 3811 1739 2491 4717 445 65 1079 8383 5353 901 187 649 1003 697 3239 7663 291 123 779 1007 3551 1943 2117 1679 989 3053
10000 25
3292937 175597 18779 50429 375469 1651121 2102 3722 2376497 611683 489059 2328901 3150061 829981 421301 76409 38477 291931 730241 959821 1664197 3057407 4267589 4729181 5335543
10000 99
96176573 97218871 98168023 97592141 98024617 98124347 97002701 97318189 98127611 97113629 95648279 97234421 98982277 98384257 96765413 95941961 96724921 96883049 96569353 97810579 98783621 97171883 96214717 96648161 96844381 97732771 97316929 97533167 97414091 96766169 97653299 96900367 96176573 97218871 98168023 97592141 98024617 98124347 97002701 97318189 98127611 97113629 95648279 97234421 98982277 98384257 96765413 95941961 96724921 96883049 96569353 97810579 98783621 97171883 96214717 96648161 96844381 97732771 97316929 97533167 97414091 96766169 97653299 96900367 96176573 97218871 98168023 97592141 98024617 98124347 97002701 97318189 98127611 97113629 95648279 97234421 98982277 98384257 96765413 95941961 96724921 96883049 96569353 97810579 98783621 97171883 96214717 96648161 96844381 97732771 97316929 97533167 97414091 96766169 97653299 96761669 96761669 96959809 95941961
103 31
217 1891 4819 2291 2987 3811 1739 2491 4717 445 65 1079 8383 5353 901 187 649 1003 697 3239 7663 291 123 779 1007 3551 1943 2117 1679 989 3053
10000 25
3292937 175597 18779 50429 375469 1651121 2102 3722 2376497 611683 489059 2328901 3150061 829981 421301 76409 38477 291931 730241 959821 1664197 3057407 4267589 4729181 5335543
10000 99
96176573 97218871 98168023 97592141 98024617 98124347 97002701 97318189 98127611 97113629 95648279 97234421 98982277 98384257 96765413 95941961 96724921 96883049 96569353 97810579 98783621 97171883 96214717 96648161 96844381 97732771 97316929 97533167 97414091 96766169 97653299 96900367 96176573 97218871 98168023 97592141 98024617 98124347 97002701 97318189 98127611 97113629 95648279 97234421 98982277 98384257 96765413 95941961 96724921 96883049 96569353 97810579 98783621 97171883 96214717 96648161 96844381 97732771 97316929 97533167 97414091 96766169 97653299 96900367 96176573 97218871 98168023 97592141 98024617 98124347 97002701 97318189 98127611 97113629 95648279 97234421 98982277 98384257 96765413 95941961 96724921 96883049 96569353 97810579 98783621 97171883 96214717 96648161 96844381 97732771 97316929 97533167 97414091 96766169 97653299 96761669 96761669 96959809 95941961
103 31
217 1891 4819 2291 2987 3811 1739 2491 4717 445 65 1079 8383 5353 901 187 649 1003 697 3239 7663 291 123 779 1007 3551 1943 2117 1679 989 3053
10000 25
3292937 175597 18779 50429 375469 1651121 2102 3722 2376497 611683 489059 2328901 3150061 829981 421301 76409 38477 291931 730241 959821 1664197 3057407 4267589 4729181 5335543
10000 99
96176573 97218871 98168023 97592141 98024617 98124347 97002701 97318189 98127611 97113629 95648279 97234421 98982277 98384257 96765413 95941961 96724921 96883049 96569353 97810579 98783621 97171883 96214717 96648161 96844381 97732771 97316929 97533167 97414091 96766169 97653299 96900367 96176573 97218871 98168023 97592141 98024617 98124347 97002701 97318189 98127611 97113629 95648279 97234421 98982277 98384257 96765413 95941961 96724921 96883049 96569353 97810579 98783621 97171883 96214717 96648161 96844381 97732771 97316929 97533167 97414091 96766169 97653299 96900367 96176573 97218871 98168023 97592141 98024617 98124347 97002701 97318189 98127611 97113629 95648279 97234421 98982277 98384257 96765413 95941961 96724921 96883049 96569353 97810579 98783621 97171883 96214717 96648161 96844381 97732771 97316929 97533167 97414091 96766169 97653299 96761669 96761669 96959809 95941961
103 31
217 1891 4819 2291 2987 3811 1739 2491 4717 445 65 1079 8383 5353 901 187 649 1003 697 3239 7663 291 123 779 1007 3551 1943 2117 1679 989 3053
10000 25
3292937 175597 18779 50429 375469 1651121 2102 3722 2376497 611683 489059 2328901 3150061 829981 421301 76409 38477 291931 730241 959821 1664197 3057407 4267589 4729181 5335543
10000 99
96176573 97218871 98168023 97592141 98024617 98124347 97002701 97318189 98127611 97113629 95648279 97234421 98982277 98384257 96765413 95941961 96724921 96883049 96569353 97810579 98783621 97171883 96214717 96648161 96844381 97732771 97316929 97533167 97414091 96766169 97653299 96900367 96176573 97218871 98168023 97592141 98024617 98124347 97002701 97318189 98127611 97113629 95648279 97234421 98982277 98384257 96765413 95941961 96724921 96883049 96569353 97810579 98783621 97171883 96214717 96648161 96844381 97732771 97316929 97533167 97414091 96766169 97653299 96900367 96176573 97218871 98168023 97592141 98024617 98124347 97002701 97318189 98127611 97113629 95648279 97234421 98982277 98384257 96765413 95941961 96724921 96883049 96569353 97810579 98783621 97171883 96214717 96648161 96844381 97732771 97316929 97533167 97414091 96766169 97653299 96761669 96761669 96959809 95941961
103 31
217 1891 4819 2291 2987 3811 1739 2491 4717 445 65 1079 8383 5353 901 187 649 1003 697 3239 7663 291 123 779 1007 3551 1943 2117 1679 989 3053
10000 25
3292937 175597 18779 50429 375469 1651121 2102 3722 2376497 611683 489059 2328901 3150061 829981 421301 76409 38477 291931 730241 959821 1664197 3057407 4267589 4729181 5335543
10000 99
96176573 97218871 98168023 97592141 98024617 98124347 97002701 97318189 98127611 97113629 95648279 97234421 98982277 98384257 96765413 95941961 96724921 96883049 96569353 97810579 98783621 97171883 96214717 96648161 96844381 97732771 97316929 97533167 97414091 96766169 97653299 96900367 96176573 97218871 98168023 97592141 98024617 98124347 97002701 97318189 98127611 97113629 95648279 97234421 98982277 98384257 96765413 95941961 96724921 96883049 96569353 97810579 98783621 97171883 96214717 96648161 96844381 97732771 97316929 97533167 97414091 96766169 97653299 96900367 96176573 97218871 98168023 97592141 98024617 98124347 97002701 97318189 98127611 97113629 95648279 97234421 98982277 98384257 96765413 95941961 96724921 96883049 96569353 97810579 98783621 97171883 96214717 96648161 96844381 97732771 97316929 97533167 97414091 96766169 97653299 96761669 96761669 96959809 95941961
103 31
217 1891 4819 2291 2987 3811 1739 2491 4717 445 65 1079 8383 5353 901 187 649 1003 697 3239 7663 291 123 779 1007 3551 1943 2117 1679 989 3053
10000 25
3292937 175597 18779 50429 375469 1651121 2102 3722 2376497 611683 489059 2328901 3150061 829981 421301 76409 38477 291931 730241 959821 1664197 3057407 4267589 4729181 5335543
10000 99
96176573 97218871 98168023 97592141 98024617 98124347 97002701 97318189 98127611 97113629 95648279 97234421 98982277 98384257 96765413 95941961 96724921 96883049 96569353 97810579 98783621 97171883 96214717 96648161 96844381 97732771 97316929 97533167 97414091 96766169 97653299 96900367 96176573 97218871 98168023 97592141 98024617 98124347 97002701 97318189 98127611 97113629 95648279 97234421 98982277 98384257 96765413 95941961 96724921 96883049 96569353 97810579 98783621 97171883 96214717 96648161 96844381 97732771 97316929 97533167 97414091 96766169 97653299 96900367 96176573 97218871 98168023 97592141 98024617 98124347 97002701 97318189 98127611 97113629 95648279 97234421 98982277 98384257 96765413 95941961 96724921 96883049 96569353 97810579 98783621 97171883 96214717 96648161 96844381 97732771 97316929 97533167 97414091 96766169 97653299 96761669 96761669 96959809 95941961
103 31
217 1891 4819 2291 2987 3811 1739 2491 4717 445 65 1079 8383 5353 901 187 649 1003 697 3239 7663 291 123 779 1007 3551 1943 2117 1679 989 3053
10000 25
3292937 175597 18779 50429 375469 1651121 2102 3722 2376497 611683 489059 2328901 3150061 829981 421301 76409 38477 291931 730241 959821 1664197 3057407 4267589 4729181 5335543
10000 99
96176573 97218871 98168023 97592141 98024617 98124347 97002701 97318189 98127611 97113629 95648279 97234421 98982277 98384257 96765413 95941961 96724921 96883049 96569353 97810579 98783621 97171883 96214717 96648161 96844381 97732771 97316929 97533167 97414091 96766169 97653299 96900367 96176573 97218871 98168023 97592141 98024617 98124347 97002701 97318189 98127611 97113629 95648279 97234421 98982277 98384257 96765413 95941961 96724921 96883049 96569353 97810579 98783621 97171883 96214717 96648161 96844381 97732771 97316929 97533167 97414091 96766169 97653299 96900367 96176573 97218871 98168023 97592141 98024617 98124347 97002701 97318189 98127611 97113629 95648279 97234421 98982277 98384257 96765413 95941961 96724921 96883049 96569353 97810579 98783621 97171883 96214717 96648161 96844381 97732771 97316929 97533167 97414091 96766169 97653299 96761669 96761669 96959809 95941961
103 31
217 1891 4819 2291 2987 3811 1739 2491 4717 445 65 1079 8383 5353 901 187 649 1003 697 3239 7663 291 123 779 1007 3551 1943 2117 1679 989 3053
10000 25
3292937 175597 18779 50429 375469 1651121 2102 3722 2376497 611683 489059 2328901 3150061 829981 421301 76409 38477 291931 730241 959821 1664197 3057407 4267589 4729181 5335543
10000 99
96176573 97218871 98168023 97592141 98024617 98124347 97002701 97318189 98127611 97113629 95648279 97234421 98982277 98384257 96765413 95941961 96724921 96883049 96569353 97810579 98783621 97171883 96214717 96648161 96844381 97732771 97316929 97533167 97414091 96766169 97653299 96900367 96176573 97218871 98168023 97592141 98024617 98124347 97002701 97318189 98127611 97113629 95648279 97234421 98982277 98384257 96765413 95941961 96724921 96883049 96569353 97810579 98783621 97171883 96214717 96648161 96844381 97732771 97316929 97533167 97414091 96766169 97653299 96900367 96176573 97218871 98168023 97592141 98024617 98124347 97002701 97318189 98127611 97113629 95648279 97234421 98982277 98384257 96765413 95941961 96724921 96883049 96569353 97810579 98783621 97171883 96214717 96648161 96844381 97732771 97316929 97533167 97414091 96766169 97653299 96761669 96761669 96959809 95941961
103 31
217 1891 4819 2291 2987 3811 1739 2491 4717 445 65 1079 8383 5353 901 187 649 1003 697 3239 7663 291 123 779 1007 3551 1943 2117 1679 989 3053
10000 25
3292937 175597 18779 50429 375469 1651121 2102 3722 2376497 611683 489059 2328901 3150061 829981 421301 76409 38477 291931 730241 959821 1664197 3057407 4267589 4729181 5335543
10000 99
96176573 97218871 98168023 97592141 98024617 98124347 97002701 97318189 98127611 97113629 95648279 97234421 98982277 98384257 96765413 95941961 96724921 96883049 96569353 97810579 98783621 97171883 96214717 96648161 96844381 97732771 97316929 97533167 97414091 96766169 97653299 96900367 96176573 97218871 98168023 97592141 98024617 98124347 97002701 97318189 98127611 97113629 95648279 97234421 98982277 98384257 96765413 95941961 96724921 96883049 96569353 97810579 98783621 97171883 96214717 96648161 96844381 97732771 97316929 97533167 97414091 96766169 97653299 96900367 96176573 97218871 98168023 97592141 98024617 98124347 97002701 97318189 98127611 97113629 95648279 97234421 98982277 98384257 96765413 95941961 96724921 96883049 96569353 97810579 98783621 97171883 96214717 96648161 96844381 97732771 97316929 97533167 97414091 96766169 97653299 96761669 96761669 96959809 95941961
103 31
217 1891 4819 2291 2987 3811 1739 2491 4717 445 65 1079 8383 5353 901 187 649 1003 697 3239 7663 291 123 779 1007 3551 1943 2117 1679 989 3053
10000 25
3292937 175597 18779 50429 375469 1651121 2102 3722 2376497 611683 489059 2328901 3150061 829981 421301 76409 38477 291931 730241 959821 1664197 3057407 4267589 4729181 5335543
10000 99
96176573 97218871 98168023 97592141 98024617 98124347 97002701 97318189 98127611 97113629 95648279 97234421 98982277 98384257 96765413 95941961 96724921 96883049 96569353 97810579 98783621 97171883 96214717 96648161 96844381 97732771 97316929 97533167 97414091 96766169 97653299 96900367 96176573 97218871 98168023 97592141 98024617 98124347 97002701 97318189 98127611 97113629 95648279 97234421 98982277 98384257 96765413 95941961 96724921 96883049 96569353 97810579 98783621 97171883 96214717 96648161 96844381 97732771 97316929 97533167 97414091 96766169 97653299 96900367 96176573 97218871 98168023 97592141 98024617 98124347 97002701 97318189 98127611 97113629 95648279 97234421 98982277 98384257 96765413 95941961 96724921 96883049 96569353 97810579 98783621 97171883 96214717 96648161 96844381 97732771 97316929 97533167 97414091 96766169 97653299 96761669 96761669 96959809 95941961
10000 77
95394289 95394289 95413823 95433361 95433361 95550589 95667961 95667961 95726647 95785369 95785369 95824517 95863681 95863681 95981173 96098809 96098809 96177233 96255721 96255721 96314587 96373489 96373489 96491293 96609241 96609241 96648557 96687889 96687889 96746887 96805921 96805921 96923989 97042201 97042201 97101307 97160449 97160449 97180163 97199881 97199881 97318189 97436641 97436641 97555093 97673689 97673689 97713221 97752769 97752769 97891187 98029801 98029801 98089207 98148649 98148649 98307161 98465929 98465929 98525467 98585041 98585041 98604899 98624761 98624761 98724071 98823481 98823481 98903009 98982601 98982601 99161683 99341089 99341089 99400891 99460729 99460729
