100
1 4 2
1 7 7
2 5 1
5 10 5
12 15 1
15 16 7
14 11 11
18 4 2
3 3 3
2 13 8
10 20 20
1 20 20
1 7 1
10 20 10
1 7 6
17 10 1
14 6 3
10 14 10
1 6 4
12 17 14
14 6 4
1 7 7
1 7 5
14 19 12
4 7 3
9 12 3
7 10 3
2 18 2
5 13 5
4 5 1
14 16 12
1 6 3
14 6 6
3 1 1
6 11 6
7 17 2
20 1 1
15 15 13
8 18 17
20 17 6
15 1 1
17 8 3
4 15 3
1 6 1
13 11 1
1 7 4
2 5 3
17 8 1
9 20 11
15 5 5
10 20 1
20 16 14
8 16 4
13 5 5
20 10 1
13 17 8
20 8 5
16 13 3
15 9 5
1 6 2
8 4 4
15 7 7
1 20 1
12 14 5
9 14 8
20 20 1
7 9 3
4 15 1
4 4 1
8 10 2
17 6 2
15 3 3
10 7 4
1 7 3
20 10 10
8 17 6
18 11 9
1 20 10
5 6 4
20 20 10
8 5 5
6 5 3
7 11 8
1 7 2
4 2 2
1 6 5
1 6 6
7 2 2
17 12 1
2 7 7
11 1 1
10 17 16
8 19 18
6 4 2
1 1 1
9 13 2
20 20 20
16 12 9
14 16 10
1 12 4
