100
1 2 30
16 27
1 2 22
12 19
1 3 6
1 2 5
1 2 11
3 6
1 4 21
11 15 18 20
1 1 24
9
1 5 30
1 2 4 8 15
1 1 30
30
1 1 5
2
1 2 8
3 8
1 1 22
1
1 2 20
12 19
1 3 20
6 9 20
1 2 27
17 20
1 1 17
10
1 2 25
20 25
1 1 29
3
1 1 26
1
1 3 22
8 21 22
1 2 27
3 7
1 5 19
4 11 16 18 19
1 4 29
8 16 18 28
1 2 6
2 3
1 3 26
12 18 26
1 3 24
10 21 24
1 2 3
1 2
1 1 14
3
1 1 1
1
1 4 16
1 2 4 8
1 3 28
3 8 14
1 2 5
4 5
1 3 30
4 5 12
1 1 14
11
1 2 24
23 24
1 3 30
16 25 30
1 1 7
1
1 3 7
2 6 7
1 2 20
15 20
1 1 24
5
1 4 23
10 21 22 23
1 2 5
2 3
1 3 6
3 5 6
1 1 3
2
1 2 18
4 9
1 1 12
2
1 2 12
4 8
1 4 22
2 7 10 22
1 2 2
1 2
1 1 4
2
1 1 15
3
1 1 23
1
1 2 8
1 8
1 1 1
1
1 1 3
3
1 4 26
3 5 11 22
1 1 29
29
1 1 24
20
1 4 27
6 22 23 27
1 1 1
1
1 1 15
3
1 1 5
4
1 3 16
4 8 16
1 1 21
3
1 2 27
18 25
1 2 29
1 4
1 3 30
12 23 26
1 3 22
4 8 14
1 1 30
1
1 1 8
7
1 2 25
20 23
1 2 21
12 21
1 2 28
23 28
1 4 21
3 4 11 19
1 3 30
23 26 29
1 2 20
1 3
1 1 29
10
1 2 15
4 9
1 4 24
3 5 9 19
1 2 22
15 21
1 2 29
2 10
1 1 15
5
1 3 21
3 5 13
1 1 30
1
1 1 8
3
1 2 13
4 9
1 1 30
5
1 5 16
1 2 4 8 16
1 3 21
7 16 17
1 2 23
1 3
1 1 2
1
1 5 5
1 2 3 4 5
1 4 24
2 3 8 18
1 2 22
3 8
1 2 18
5 7
1 3 17
6 12 17
1 2 24
1 5
1 2 27
10 22
1 2 10
3 5
1 2 8
3 4
1 2 7
1 6
