100
1 1 26
3
1 4 13
7 11 12 13
1 2 16
3 6
1 3 22
3 8 15
1 2 28
11 13
1 1 9
8
1 3 16
4 6 12
1 1 30
30
1 2 7
3 7
1 4 25
2 7 10 22
1 1 29
22
1 1 7
1
1 1 29
1
1 1 21
5
1 2 6
3 6
1 1 28
4
1 3 11
2 4 10
1 2 30
20 26
1 1 14
14
1 4 27
11 17 26 27
1 2 15
5 10
1 5 26
1 5 13 24 26
1 2 27
10 26
1 1 23
14
1 1 21
3
1 4 22
1 4 9 15
1 2 20
15 20
1 3 21
2 5 12
1 3 13
2 6 11
1 2 30
19 28
1 3 27
12 22 27
1 1 30
1
1 4 23
5 19 21 22
1 3 26
23 24 25
1 2 10
8 9
1 2 21
13 19
1 2 3
2 3
1 2 28
25 28
1 1 28
28
1 3 6
1 2 5
1 3 26
5 13 21
1 4 24
2 5 21 22
1 2 7
2 7
1 1 27
3
1 2 11
8 10
1 1 20
4
1 2 18
4 9
1 2 10
7 10
1 3 30
4 9 14
1 1 3
3
1 1 29
29
1 2 26
14 25
1 4 30
3 7 13 27
1 4 29
2 6 12 24
1 2 27
3 7
1 3 6
4 5 6
1 3 17
3 7 14
1 1 21
20
1 1 1
1
1 1 12
2
1 3 26
14 23 25
1 1 10
6
1 4 19
1 5 10 18
1 1 30
3
1 3 21
14 18 21
1 2 25
15 25
1 1 14
4
1 5 30
1 2 4 8 15
1 2 8
6 7
1 2 15
7 9
1 2 3
1 2
1 3 29
2 4 7
1 2 9
4 5
1 1 24
22
1 1 9
5
1 1 2
1
1 4 20
2 3 7 15
1 5 5
1 2 3 4 5
1 1 22
21
1 1 1
1
1 1 2
1
1 5 16
1 2 4 8 16
1 1 29
14
1 3 24
12 22 24
1 3 28
5 23 28
1 2 27
25 26
1 4 16
1 2 4 8
1 3 16
3 8 13
1 1 7
1
1 4 30
15 21 24 30
1 2 23
17 22
1 1 22
2
1 2 24
5 10
1 2 29
2 6
1 2 5
1 4
1 1 28
2
1 2 22
18 22
1 2 13
5 9
1 1 5
3
1 1 27
27
