100
1 1 14
9
1 3 29
4 9 18
1 3 16
2 7 14
1 4 28
19 23 27 28
1 2 27
23 26
1 1 18
18
1 3 21
3 7 13
1 3 14
2 4 11
1 4 29
6 13 24 28
1 2 27
3 7
1 4 24
2 5 12 23
1 2 22
17 20
1 2 25
12 21
1 3 23
3 6 13
1 2 25
20 25
1 1 6
2
1 2 11
2 6
1 1 26
18
1 3 23
5 8 14
1 2 14
2 14
1 2 5
2 5
1 5 16
3 8 12 13 15
1 1 29
29
1 4 16
3 8 14 15
1 4 16
1 2 4 8
1 1 24
16
1 1 30
27
1 3 15
4 12 15
1 2 6
3 4
1 1 2
1
1 1 27
7
1 1 2
2
1 2 8
4 6
1 5 5
1 2 3 4 5
1 1 29
17
1 2 5
1 5
1 1 16
3
1 5 29
1 3 6 12 27
1 1 11
11
1 1 20
3
1 4 29
3 6 14 24
1 1 7
5
1 1 2
1
1 3 18
15 17 18
1 5 30
1 2 4 8 15
1 1 22
9
1 1 7
1
1 1 3
3
1 2 2
1 2
1 1 4
2
1 2 5
3 5
1 4 20
1 4 6 12
1 3 22
1 6 12
1 1 20
3
1 2 18
4 9
1 3 25
1 15 23
1 1 30
1
1 3 30
4 9 14
1 1 26
4
1 1 22
5
1 5 16
1 2 4 8 16
1 1 2
1
1 3 24
2 18 22
1 2 10
3 6
1 2 26
16 22
1 4 29
5 20 24 28
1 1 4
1
1 3 16
11 15 16
1 2 28
11 23
1 2 25
3 25
1 3 6
1 2 5
1 3 23
5 10 17
1 2 8
4 5
1 2 17
1 2
1 4 28
22 25 27 28
1 1 15
1
1 1 23
23
1 2 26
4 7
1 3 22
5 17 22
1 3 22
2 7 11
1 3 14
1 2 7
1 4 19
11 12 13 19
1 2 8
7 8
1 2 29
2 7
1 1 6
4
1 3 26
16 23 26
1 2 23
3 5
1 3 27
9 23 27
1 1 20
3
1 3 28
5 10 20
1 3 22
9 19 22
1 2 22
2 3
1 3 14
3 8 12
1 2 3
1 2
1 1 23
1
1 1 30
30
1 2 24
2 5
1 1 20
15
1 1 13
4
1 1 12
3
