50
24
0
0
2 9 10
0
0
2 4 16
0
0
0
1 2
2 21 13
2 19 11
2 5 14
2 23 24
2 7 18
2 8 3
0
2 1 20
0
2 22 6
0
0
0
2 17 15
24
0
2 15 5
1 19
2 13 2
2 20 8
0
2 18 10
2 14 11
2 17 7
2 21 12
2 3 19
2 6 16
0
0
0
2 24 4
0
0
1 1
0
0
2 23 9
0
0
24
0
1 9
0
2 21 18
2 13 11
2 2 8
0
1 9
0
2 20 24
1 22
1 3
1 22
2 17 16
1 3
1 7
1 7
1 1
0
1 19
1 1
0
2 12 15
1 19
25
0
1 1
1 1
1 1
1 1
1 1
1 1
1 1
1 1
1 1
1 1
1 1
1 1
1 1
1 1
1 1
1 1
1 1
1 1
1 1
1 1
1 1
1 1
1 1
1 1
25
1 9
1 19
1 14
1 22
1 16
1 12
1 1
1 7
1 15
0
1 20
1 2
1 17
1 8
1 18
1 25
1 24
1 10
1 5
1 6
1 4
1 13
1 21
1 3
1 23
25
1 16
1 22
1 6
1 5
1 23
1 18
2 21 16
1 9
1 12
1 14
1 1
1 3
1 11
1 13
1 25
0
1 10
1 24
1 15
1 17
1 4
1 19
1 8
1 2
1 20
25
0
2 23 12
2 4 21
1 14
2 19 17
0
0
2 3 5
2 10 11
0
0
1 6
2 18 9
0
0
0
2 20 1
1 15
1 22
0
1 7
0
1 16
2 2 13
2 24 8
25
2 14 5
1 16
1 16
2 11 7
1 20
1 16
2 24 23
1 6
1 16
1 19
2 18 10
1 16
2 25 4
1 3
1 16
0
2 21 8
1 22
1 16
1 16
1 15
1 16
2 12 9
1 2
2 17 1
24
2 9 15
1 24
1 16
1 6
1 4
1 3
1 5
1 11
1 19
1 22
0
1 18
1 14
1 8
1 10
1 11
1 21
1 7
1 23
1 17
1 2
1 20
1 12
1 13
20
10 2 19 6 20 8 5 14 4 13 12
0
10 2 19 6 20 8 5 14 4 13 12
0
0
0
10 2 19 6 20 8 5 14 4 13 12
0
10 2 19 6 20 8 5 14 4 13 12
10 2 19 6 20 8 5 14 4 13 12
10 2 19 6 20 8 5 14 4 13 12
0
0
0
10 2 19 6 20 8 5 14 4 13 12
10 2 19 6 20 8 5 14 4 13 12
10 2 19 6 20 8 5 14 4 13 12
10 2 19 6 20 8 5 14 4 13 12
0
0
50
0
0
0
2 41 14
2 11 21
0
0
2 6 33
2 24 25
2 34 5
0
2 15 17
0
2 3 8
0
0
2 13 4
0
0
2 18 39
2 1 22
2 23 47
0
0
2 36 12
0
0
0
1 42
2 27 48
2 28 44
0
2 46 43
0
2 32 38
0
0
2 7 20
2 19 9
0
0
0
2 49 31
2 2 30
2 40 10
0
2 37 35
2 26 50
0
2 16 29
50
0
2 1 45
0
2 6 36
0
0
0
2 13 16
0
0
0
0
0
0
2 10 33
2 11 46
0
2 9 35
0
0
2 12 24
2 31 49
2 5 8
2 26 22
0
0
0
2 14 42
2 25 30
2 32 28
0
0
2 50 21
0
2 34 37
2 27 18
2 7 41
1 19
0
2 43 23
2 47 48
2 44 38
0
1 38
2 20 29
2 3 15
0
2 39 2
2 17 4
0
48
1 21
0
1 21
1 47
0
2 22 32
0
0
1 8
1 36
2 4 12
1 47
2 39 10
2 9 19
1 24
1 7
1 35
1 7
1 8
1 2
0
1 34
1 44
0
2 3 1
2 38 15
1 29
1 2
0
2 40 17
1 5
1 34
2 23 48
0
0
0
1 5
1 24
1 36
1 35
2 42 27
1 29
2 31 37
0
2 20 28
2 18 16
0
1 44
50
1 5
1 5
1 5
1 5
0
1 5
1 5
1 5
1 5
1 5
1 5
1 5
1 5
1 5
1 5
1 5
1 5
1 5
1 5
1 5
1 5
1 5
1 5
1 5
1 5
1 5
1 5
1 5
1 5
1 5
1 5
1 5
1 5
1 5
1 5
1 5
1 5
1 5
1 5
1 5
1 5
1 5
1 5
1 5
1 5
1 5
1 5
1 5
1 5
1 5
50
1 10
0
1 20
1 6
1 50
1 35
1 32
1 22
1 14
1 45
1 3
1 42
1 48
1 40
1 7
1 43
1 9
1 8
1 28
1 24
1 27
1 30
1 34
1 5
1 33
1 16
1 47
1 44
1 31
1 17
1 13
1 37
1 36
1 12
1 38
1 18
1 39
1 21
1 29
1 26
1 1
1 25
1 15
1 49
1 23
1 2
1 46
1 19
1 11
1 4
50
1 28
1 3
1 5
1 33
1 47
1 44
1 16
1 20
1 24
2 37 44
1 41
1 40
1 29
1 27
1 45
1 43
1 32
1 42
1 36
1 35
1 25
1 8
1 15
1 34
1 4
1 21
1 39
1 6
1 30
1 38
1 2
1 48
1 7
1 11
1 13
1 12
1 18
1 46
1 17
1 23
1 1
1 22
1 9
0
1 26
1 50
1 19
1 31
1 14
1 49
50
1 31
2 38 17
0
2 9 40
1 36
0
1 10
0
1 35
0
2 46 48
0
2 24 39
2 33 2
0
2 23 32
0
2 13 27
1 28
2 30 14
0
2 4 16
1 8
1 6
0
2 47 12
2 19 26
0
0
2 37 45
0
1 41
1 34
0
0
0
1 21
0
1 3
1 25
0
2 22 11
0
2 18 20
1 29
2 1 5
0
2 7 50
2 42 44
2 15 43
50
1 23
1 23
2 18 49
2 21 30
1 23
1 23
1 23
1 16
1 12
1 27
1 1
1 23
2 20 15
2 24 2
1 25
1 23
1 31
2 13 44
1 7
1 6
1 35
2 37 28
0
1 23
1 23
2 41 40
1 23
2 39 45
2 17 8
1 42
1 23
1 23
2 48 4
1 38
1 23
2 3 50
1 32
1 23
1 23
1 43
1 5
1 23
1 23
2 9 11
1 23
2 26 47
2 19 14
2 10 34
2 29 22
2 33 46
50
1 50
1 23
1 36
1 8
1 4
1 27
1 19
1 20
1 21
1 11
1 2
1 1
1 29
1 43
1 16
1 32
1 6
1 3
1 40
1 28
1 5
1 18
1 9
1 12
1 10
1 30
1 26
1 39
0
1 35
2 37 33
1 42
1 7
1 44
1 46
1 24
1 49
1 34
1 38
1 14
1 22
1 13
1 45
1 47
1 25
1 15
1 29
1 41
1 48
1 17
50
10 36 14 12 20 11 16 3 49 4 42
10 39 28 17 8 18 50 26 25 5 19
10 6 29 43 40 32 15 48 35 27 23
10 6 29 43 40 32 15 48 35 27 23
0
10 46 24 34 2 38 31 44 21 45 22
10 36 14 12 20 11 16 3 49 4 42
0
10 36 14 12 20 11 16 3 49 4 42
10 36 14 12 20 11 16 3 49 4 42
10 6 29 43 40 32 15 48 35 27 23
10 6 29 43 40 32 15 48 35 27 23
10 36 14 12 20 11 16 3 49 4 42
10 6 29 43 40 32 15 48 35 27 23
10 46 24 34 2 38 31 44 21 45 22
10 6 29 43 40 32 15 48 35 27 23
0
0
0
10 6 29 43 40 32 15 48 35 27 23
10 39 28 17 8 18 50 26 25 5 19
10 39 28 17 8 18 50 26 25 5 19
10 46 24 34 2 38 31 44 21 45 22
10 39 28 17 8 18 50 26 25 5 19
0
0
10 46 24 34 2 38 31 44 21 45 22
0
10 46 24 34 2 38 31 44 21 45 22
10 36 14 12 20 11 16 3 49 4 42
10 39 28 17 8 18 50 26 25 5 19
10 46 24 34 2 38 31 44 21 45 22
10 36 14 12 20 11 16 3 49 4 42
10 39 28 17 8 18 50 26 25 5 19
10 46 24 34 2 38 31 44 21 45 22
10 6 29 43 40 32 15 48 35 27 23
10 36 14 12 20 11 16 3 49 4 42
10 39 28 17 8 18 50 26 25 5 19
0
10 46 24 34 2 38 31 44 21 45 22
10 36 14 12 20 11 16 3 49 4 42
10 6 29 43 40 32 15 48 35 27 23
10 46 24 34 2 38 31 44 21 45 22
10 39 28 17 8 18 50 26 25 5 19
10 39 28 17 8 18 50 26 25 5 19
10 39 28 17 8 18 50 26 25 5 19
10 36 14 12 20 11 16 3 49 4 42
10 46 24 34 2 38 31 44 21 45 22
10 6 29 43 40 32 15 48 35 27 23
0
5
1 3
1 3
0
2 2 3
0
5
0
2 5 4
2 1 2
0
0
5
2 4 2
0
0
0
2 2 1
5
0
1 4
1 5
1 1
1 1
5
0
0
1 1
1 1
2 3 1
41
0
0
0
1 18
0
2 23 36
1 28
0
0
2 28 14
1 34
4 19 3 17 39
0
0
0
0
4 9 5 35 1
1 41
0
1 7
0
2 32 7
0
1 31
0
3 39 5 10
5 40 10 3 9 13
0
2 28 1
3 37 33 29
1 38
0
0
0
1 15
1 35
2 2 16
1 33
0
2 35 34
0
40
0
0
1 6
0
0
0
0
5 18 4 34 40 10
0
1 4
1 28
2 17 30
3 15 9 29
0
0
1 14
1 31
3 15 26 37
1 11
0
0
2 15 16
0
1 14
1 1
0
2 15 1
3 30 15 20
3 21 26 3
0
1 23
0
1 30
2 17 36
0
3 26 17 4
1 23
0
0
1 7
50
0
1 50
5 32 18 45 46 4
1 20
1 47
1 32
1 10
0
1 29
0
3 16 44 10
0
1 1
0
0
3 14 15 37
1 19
1 45
0
1 21
0
1 37
0
4 7 19 20 23
3 49 20 18
0
3 20 40 22
0
0
4 26 15 6 49
1 41
0
2 34 12
0
4 44 3 1 40
3 33 22 26
0
1 50
1 40
0
0
0
0
0
0
1 43
0
0
1 1
0
46
2 40 39
3 9 25 17
0
1 6
2 1 19
2 2 29
2 8 2
1 3
0
0
0
0
1 25
0
0
4 17 15 39 24
1 40
0
2 36 29
3 1 34 38
1 28
0
3 10 12 21
3 11 9 29
1 40
0
2 40 36
0
1 14
4 31 10 37 19
1 39
0
1 40
0
1 19
0
0
1 17
0
0
0
0
1 20
1 33
1 17
0
45
2 30 5
0
0
2 18 30
0
1 27
2 17 11
1 39
2 40 30
2 2 18
1 16
2 34 16
2 37 16
3 8 21 18
0
1 18
0
0
1 44
0
0
2 16 19
2 2 43
3 37 28 8
3 11 2 40
2 8 10
0
0
1 5
0
3 43 28 14
0
0
1 1
0
0
0
2 35 4
0
1 39
1 40
0
0
1 28
1 33
42
1 29
0
0
2 6 19
0
1 3
3 37 9 22
2 33 10
0
0
2 17 19
1 35
2 41 19
1 37
2 2 37
0
0
1 9
0
1 37
2 25 7
2 1 34
1 29
0
1 33
2 30 14
0
3 38 13 19
0
0
0
1 34
2 9 22
0
1 27
0
1 40
3 27 29 37
0
0
0
4 36 37 2 6
45
1 26
0
2 36 2
2 38 31
3 6 38 11
2 39 33
3 16 39 10
1 31
1 12
0
1 26
0
0
0
1 30
1 12
0
1 26
0
2 10 35
0
1 26
1 26
0
0
0
2 33 40
3 27 5 3
4 22 43 21 17
1 24
0
0
0
0
1 13
3 41 37 12
0
2 12 13
1 42
0
2 23 34
0
3 2 39 22
0
0
47
0
0
0
1 36
0
0
0
0
0
3 43 26 8
0
1 27
0
1 28
3 22 14 24
0
1 43
2 20 43
1 22
0
2 39 42
0
0
0
2 26 44
1 8
0
0
1 33
0
1 18
0
0
4 13 35 1 2
0
0
0
2 8 5
0
1 22
1 46
0
1 39
0
1 32
0
1 33
45
0
0
3 22 8 44
1 10
0
0
1 38
0
0
1 11
1 13
0
0
0
0
0
1 15
0
1 21
0
2 2 33
0
0
0
1 35
0
0
2 13 36
0
0
2 42 20
4 16 13 44 26
0
0
0
0
2 31 15
1 13
2 11 30
1 35
0
1 43
1 29
0
2 25 29
42
0
0
0
0
1 39
0
3 2 1 22
0
0
2 1 25
1 20
1 14
1 28
0
0
1 17
0
0
1 6
0
1 17
2 40 24
0
0
0
1 7
1 5
0
1 27
1 33
2 6 12
1 21
0
2 1 14
2 31 39
0
0
2 22 16
1 13
0
0
0
40
2 7 21
0
0
0
0
0
0
0
1 5
0
0
2 4 17
2 27 20
1 2
0
3 18 33 12
0
1 37
0
1 11
0
1 17
0
1 27
0
0
0
3 19 13 22
2 1 28
0
0
1 4
0
0
0
0
0
3 25 36 23
1 35
1 23
44
1 11
1 27
0
0
2 12 3
0
0
2 16 38
0
0
0
0
0
0
1 29
1 43
0
0
1 9
1 43
1 42
3 26 13 37
1 31
1 38
1 24
1 32
0
0
1 11
0
1 28
1 24
2 26 7
2 32 39
0
1 32
0
0
0
0
1 18
2 33 7
0
0
44
2 38 13
2 3 41
0
1 42
2 28 4
0
0
2 9 14
0
0
0
3 23 31 19
2 23 30
0
0
0
0
1 15
0
2 38 29
0
1 13
0
0
0
0
1 9
0
1 36
0
0
2 15 14
0
0
1 16
0
1 17
1 27
1 24
1 2
0
0
0
2 42 43
47
1 11
3 45 44 33
1 41
0
0
1 40
0
1 17
2 38 10
0
1 40
0
1 41
0
0
0
0
0
0
1 22
0
1 40
2 22 6
0
0
0
0
2 18 32
0
1 44
0
2 23 13
1 31
0
1 34
1 40
2 29 40
0
2 17 11
0
0
1 24
3 6 38 33
0
0
0
0
41
0
0
1 31
0
0
1 26
1 40
0
0
2 21 28
2 34 16
0
1 10
2 1 34
1 27
0
0
0
0
2 40 24
1 1
0
1 28
0
1 4
1 16
2 29 37
0
0
1 27
0
0
0
0
1 16
2 4 34
0
1 34
0
1 35
2 29 21
42
0
1 33
0
0
0
1 10
1 11
1 18
0
0
1 4
1 4
2 10 31
0
1 19
0
0
0
0
2 11 23
1 4
0
0
0
0
1 20
0
2 24 40
2 24 36
2 32 20
0
0
1 7
1 21
2 17 40
0
1 18
1 4
1 20
0
0
2 16 11
42
0
3 15 42 35
0
2 34 15
1 23
0
0
1 23
2 13 26
0
0
0
0
1 24
1 41
0
1 18
0
0
3 6 15 32
0
1 33
0
0
1 37
1 29
1 8
0
0
0
1 7
1 21
0
1 30
0
1 34
0
3 26 21 15
0
1 24
0
1 13
41
1 24
0
0
1 25
1 33
1 32
1 9
1 4
1 4
0
1 13
0
1 27
0
1 29
1 25
0
0
0
1 27
0
3 35 27 14
0
1 32
0
0
0
0
0
1 39
4 21 8 37 27
0
0
0
0
2 39 17
1 14
0
1 27
0
2 3 20
45
0
0
0
0
2 20 23
0
3 15 12 9
0
0
0
0
0
0
0
0
1 43
0
1 28
0
0
1 3
2 15 31
0
0
0
2 34 38
0
0
0
0
0
0
1 12
0
0
0
0
0
0
0
1 21
0
0
1 21
0
41
0
1 35
0
1 13
0
0
0
0
1 13
0
0
1 31
1 33
0
0
0
0
0
0
0
0
0
0
0
1 32
0
2 20 41
2 32 9
0
0
0
0
0
0
0
0
0
0
0
3 32 20 5
0
41
0
0
0
0
0
0
3 24 39 3
0
1 37
0
0
0
0
0
0
0
0
0
0
0
0
0
2 37 35
0
0
0
1 31
0
1 12
0
0
0
1 30
0
0
0
0
2 22 24
0
1 3
1 29
49
0
1 18
2 39 31
0
1 12
0
0
0
2 26 23
0
0
0
0
1 41
0
0
0
1 16
0
0
0
0
1 13
0
0
0
0
1 17
0
0
0
0
2 14 48
0
1 38
0
0
0
0
0
0
0
0
0
1 29
0
1 43
0
1 3
50
0
1 27
0
1 46
0
2 41 49
0
0
0
0
1 3
0
0
2 36 9
1 16
0
0
0
1 37
0
1 1
1 49
0
0
0
0
0
0
0
0
1 39
1 36
0
0
0
0
0
0
0
0
0
0
0
0
1 29
0
0
1 3
1 37
0
41
1 21
0
0
0
0
0
1 39
0
0
1 12
2 9 39
0
0
0
0
2 6 30
0
0
0
0
0
0
1 12
0
0
0
1 33
0
1 20
0
1 38
0
0
0
1 3
0
0
1 33
0
0
0
49
0
0
1 39
0
0
0
1 19
0
0
0
0
1 26
1 16
0
0
0
0
1 30
0
0
0
1 33
0
1 46
0
0
1 26
0
0
0
0
0
0
0
0
1 16
0
0
0
0
2 46 21
0
0
0
1 44
1 31
1 48
1 26
1 4
