100
3 8
5 6 9 4 8 2 1 7
3 1
2
3 10
2 4 8 16 32 64 100 100 100 100
3 10
1 4 4 4 4 4 4 4 4 4
100 1
100
3 5
11 20 60 22 100
2 10
100 100 100 100 100 100 100 100 100 100
3 5
100 100 100 100 100
3 4
1 6 12 49
2 6
9 64 19 16 81 80
1 10
100 100 100 100 100 100 100 100 100 100
1 10
1 1 1 1 1 1 1 1 1 1
1 7
31 86 6 76 3 21 2
10 5
74 93 97 21 16
6 2
33 5
2 9
30 4 10 33 1 4 1 86 65
4 2
46 61
21 1
52
2 5
65 30 14 1 5
16 1
25
1 6
2 3 1 6 1 35
15 3
3 66 2
4 4
16 73 33 12
6 8
2 13 6 80 11 8 14 74
13 9
10 1 3 8 1 77 4 3 14
1 6
66 45 64 11 64 72
8 5
19 27 9 2 23
3 5
50 99 2 3 26
4 5
24 4 2 2 28
4 8
4 62 9 42 28 2 8 13
19 6
39 1 1 13 15 31
21 8
2 10 40 3 1 3 36 5
1 6
5 13 42 6 73 28
7 4
16 1 1 12
4 1
25
23 2
14 17
24 5
8 87 17 42 6
14 9
20 2 2 12 42 8 5 81 2
1 8
2 27 5 91 14 1 11 14
6 8
36 4 49 40 7 25 2 94
18 3
32 84 48
4 5
36 56 1 1 88
22 2
10 69
1 2
69 40
20 9
75 46 7 92 71 64 43 50 54
6 1
30
15 1
64
7 7
56 59 57 63 15 52 1
16 4
85 19 30 50
21 9
31 2 32 65 73 62 63 2 71
14 1
11
15 3
85 3 20
16 1
22
19 8
47 17 45 16 27 17 23 1
8 7
36 16 7 6 27 70 31
12 7
29 8 85 75 1 82 44
2 4
31 1 17 7
4 5
31 27 16 96 19
1 8
54 22 40 1 11 99 75 33
2 3
2 4 67
2 7
36 11 10 86 31 54 7
11 9
1 45 66 62 1 15 1 28 16
22 1
9
2 5
40 65 69 62 6
25 8
10 67 55 31 68 1 2 8
18 1
35
1 5
6 39 26 12 94
5 4
52 36 1 25
1 6
10 1 14 1 7 10
5 9
79 1 61 68 63 33 70 62 8
7 4
38 38 1 72
13 4
98 64 1 18
6 8
26 88 77 89 5 4 71 21
11 8
18 17 51 62 7 90 89 11
14 9
6 2 3 6 6 1 70 7 60
5 7
25 4 42 71 25 72 14
2 2
7 39
2 3
16 8 34
2 6
5 48 1 61 58 3
19 4
4 4 3 66
11 4
22 38 26 6
5 2
82 2
17 1
69
2 6
2 68 39 21 64 21
22 5
72 33 1 65 91
1 6
17 58 39 43 10 18
1 1
94
4 5
92 1 49 56 14
9 9
46 84 83 2 81 10 8 15 59
13 2
10 3
7 1
8
1 7
29 6 14 14 50 47 8
1 2
81 4
3 2
24 6
3 6
1 58 40 14 6 1
2 9
1 5 2 52 75 25 46 5 4
20 9
6 79 81 99 2 1 10 12 11
2 7
1 4 28 76 92 90 98
24 1
8
13 4
3 7 31 65
