100
3 8
5 6 9 4 8 2 1 7
3 1
2
3 10
2 4 8 16 32 64 100 100 100 100
3 10
1 4 4 4 4 4 4 4 4 4
100 1
100
3 5
11 20 60 22 100
2 10
100 100 100 100 100 100 100 100 100 100
3 5
100 100 100 100 100
3 4
1 6 12 49
2 6
9 64 19 16 81 80
1 10
100 100 100 100 100 100 100 100 100 100
1 10
1 1 1 1 1 1 1 1 1 1
8 7
1 69 56 22 21 39 1
4 3
18 1 1
24 9
1 24 61 68 66 19 97 6 43
22 2
3 5
7 7
2 2 86 8 21 6 78
13 7
48 68 13 26 91 19 71
3 6
61 86 8 5 79 58
12 8
27 2 3 42 5 86 1 6
9 8
97 2 14 6 3 13 80 5
10 1
2
2 4
6 2 96 76
18 1
57
19 2
51 73
2 8
25 72 9 72 95 45 28 84
1 9
32 14 83 2 14 42 64 4 93
15 4
27 14 6 7
1 7
86 4 80 13 17 67 13
7 7
11 67 14 10 62 58 59
9 5
17 42 81 22 59
1 9
27 40 62 35 2 1 94 5 68
1 6
7 2 10 10 85 43
3 3
80 33 29
1 5
15 19 6 1 37
22 7
72 90 18 32 5 15 18
7 9
55 46 87 50 87 1 64 1 46
13 5
63 70 35 1 1
17 2
31 24
24 2
84 14
6 4
2 98 1 16
23 4
23 13 96 44
6 6
86 3 96 7 64 33
1 2
76 30
2 9
59 90 19 42 48 74 23 41 1
19 4
50 8 37 8
5 1
19
23 4
45 1 5 47
1 5
81 4 1 27 53
16 1
13
14 7
4 12 6 8 3 82 13
18 4
28 1 43 31
23 9
72 42 55 19 51 3 16 92 3
1 8
45 76 14 33 22 97 1 1
19 2
81 63
23 8
16 66 52 70 83 5 16 48
5 7
2 16 20 8 7 6 2
1 4
9 32 16 1
1 1
27
1 1
85
1 1
24
14 2
3 35
9 4
34 16 1 29
12 4
59 68 10 4
19 6
15 30 28 42 46 2
1 4
83 5 1 7
12 1
87
10 8
1 30 11 58 12 32 2 8
8 4
28 17 1 67
1 7
73 12 10 57 20 4 12
3 3
37 45 55
5 1
11
2 1
3
5 9
14 88 60 56 97 19 1 95 15
9 6
4 3 3 92 1 2
11 9
51 21 89 76 76 28 38 19 35
1 2
89 80
16 7
99 15 54 2 1 48 3
10 3
94 22 67
7 8
1 57 99 16 1 2 1 6
2 6
96 75 16 82 36 32
4 8
2 8 61 68 13 1 14 36
2 9
2 13 13 1 25 4 68 5 3
11 3
77 3 47
12 8
53 9 53 20 49 21 15 92
5 3
1 3 31
2 8
6 61 1 23 81 7 23 5
4 8
81 57 38 1 2 22 9 63
8 2
24 1
4 3
11 48 1
11 1
86
3 6
85 88 47 50 14 22
4 5
45 45 8 21 11
20 6
9 1 15 12 5 36
5 1
22
6 6
78 11 8 3 14 79
1 6
6 87 81 17 70 38
3 1
8
2 2
80 5
19 8
40 1 50 99 44 46 18 27
