100
3 8
5 6 9 4 8 2 1 7
3 1
2
3 10
2 4 8 16 32 64 100 100 100 100
3 10
1 4 4 4 4 4 4 4 4 4
100 1
100
3 5
11 20 60 22 100
2 10
100 100 100 100 100 100 100 100 100 100
3 5
100 100 100 100 100
3 4
1 6 12 49
2 6
9 64 19 16 81 80
1 10
100 100 100 100 100 100 100 100 100 100
1 10
1 1 1 1 1 1 1 1 1 1
4 1
98
1 5
3 34 4 50 59
22 5
60 78 82 95 73
24 6
1 34 18 52 28 56
14 9
1 4 42 20 57 50 3 27 12
23 2
21 6
5 8
22 20 35 8 8 42 2 26
1 8
49 71 53 26 34 9 2 23
1 7
11 17 1 68 25 78 73
7 7
11 21 65 58 1 50 10
6 3
42 17 15
10 9
37 4 74 1 14 83 99 22 20
20 1
43
15 2
3 6
4 7
2 3 6 38 58 81 2
19 4
51 80 79 36
1 1
80
1 4
14 14 1 19
1 1
8
8 6
30 3 39 55 3 2
1 1
77
3 4
29 18 41 62
19 3
39 79 5
4 3
8 47 79
24 9
13 4 96 42 3 1 3 28 11
12 8
8 18 1 67 62 48 24 17
3 5
15 28 13 9 1
2 8
10 21 1 41 65 76 40 72
2 9
10 37 50 19 87 2 68 99 12
1 1
2
21 5
20 50 4 5 36
6 2
1 39
2 6
3 16 70 14 14 3
1 5
3 8 1 24 18
10 6
2 76 22 10 68 1
5 3
51 3 1
2 1
53
6 6
18 96 92 1 73 71
6 7
64 41 9 5 90 91 35
9 6
51 83 4 80 19 46
1 6
7 11 64 38 79 17
1 5
20 63 1 3 1
7 8
30 73 98 9 46 14 39 1
20 1
29
24 6
1 40 11 1 37 40
4 7
28 7 70 47 86 17 8
4 3
13 11 28
17 8
58 65 28 6 2 4 1 24
8 3
45 48 56
20 9
11 56 26 33 94 60 32 11 97
7 8
15 34 48 82 11 1 10 71
2 4
74 71 77 85
19 1
22
1 8
12 95 70 16 19 95 6 62
4 9
3 2 97 35 71 6 8 70 9
4 3
25 59 32
22 1
65
21 9
80 64 76 4 20 86 2 57 30
9 5
24 47 7 85 54
14 1
4
4 6
6 85 11 79 24 44
24 9
1 46 62 22 14 96 34 82 77
13 7
1 18 34 47 44 17 96
16 9
35 24 2 5 11 24 88 10 3
1 9
35 15 1 40 2 39 80 54 2
10 6
4 63 46 4 89 98
4 7
68 4 4 79 35 10 41
4 9
15 37 49 73 1 30 6 77 3
4 9
6 37 1 6 22 36 7 64 57
2 8
38 66 41 73 62 58 4 10
2 7
8 9 30 7 56 38 25
10 7
9 3 1 1 60 6 18
2 6
31 62 6 19 61 22
15 3
1 75 36
5 7
89 67 49 89 9 38 9
13 6
3 12 85 1 40 54
3 4
45 3 78 10
2 2
1 22
16 9
95 47 27 71 76 60 77 1 33
8 2
21 27
25 8
53 44 96 1 86 41 94 42
4 2
17 12
6 4
99 23 43 1
6 7
33 27 21 8 47 33 31
15 1
93
10 5
41 36 8 11 1
1 2
65 89
3 1
24
