100
3 8
5 6 9 4 8 2 1 7
3 1
2
3 10
2 4 8 16 32 64 100 100 100 100
3 10
1 4 4 4 4 4 4 4 4 4
100 1
100
3 5
11 20 60 22 100
2 10
100 100 100 100 100 100 100 100 100 100
3 5
100 100 100 100 100
3 4
1 6 12 49
2 6
9 64 19 16 81 80
1 10
100 100 100 100 100 100 100 100 100 100
1 10
1 1 1 1 1 1 1 1 1 1
3 4
86 52 23 62
23 4
77 20 88 1
12 7
1 18 1 21 51 3 1
1 6
37 13 1 5 56 9
25 9
45 31 98 54 17 35 55 29 2
6 3
88 1 28
1 1
13
11 9
20 30 46 20 93 61 1 12 50
2 2
39 8
2 5
23 19 2 24 9
3 2
24 81
4 1
1
1 7
4 10 93 75 4 29 12
17 5
86 79 68 87 49
4 8
1 3 9 4 14 82 15 1
19 5
23 3 49 3 38
3 4
25 48 57 12
1 1
85
13 4
89 40 46 28
23 3
83 71 11
5 6
36 61 4 3 66 39
11 3
83 22 63
1 2
73 36
14 5
52 48 82 85 1
2 5
5 30 15 30 43
3 9
50 6 27 76 72 54 36 89 65
8 9
2 1 83 1 3 1 68 1 33
24 8
8 5 4 15 20 8 1 6
3 9
9 76 86 2 2 8 32 1 92
8 5
93 17 17 10 13
10 2
18 2
8 7
13 29 26 73 97 34 1
24 7
92 76 2 89 11 16 12
4 7
13 54 13 33 64 5 13
24 2
83 11
5 3
67 20 36
2 2
2 67
1 4
37 2 12 14
3 4
1 22 48 63
3 3
27 52 92
3 4
60 4 83 44
1 7
18 74 32 38 36 42 79
3 5
42 21 80 75 44
20 1
1
4 5
61 10 89 66 30
1 4
28 41 42 75
7 3
7 92 1
1 1
34
2 1
17
6 5
20 42 90 85 46
1 8
10 73 54 80 3 77 5 74
1 3
26 59 68
9 1
1
1 1
4
10 9
1 51 44 27 60 58 2 74 53
1 1
2
16 4
24 13 28 40
1 9
23 19 2 1 21 54 11 23 2
17 1
29
1 9
1 3 3 54 1 24 66 36 17
1 1
57
8 7
6 6 1 41 21 12 2
10 5
13 41 5 1 59
2 5
84 92 1 58 9
12 1
11
8 4
40 15 7 2
2 6
12 73 73 44 95 46
1 6
58 14 7 20 33 20
14 3
1 13 13
8 8
96 12 3 1 36 4 63 35
1 5
3 2 16 22 25
2 6
59 69 18 51 6 5
4 2
25 16
17 2
5 4
9 1
51
24 7
18 19 30 10 5 81 23
1 8
2 42 89 29 68 10 30 3
9 8
67 38 56 6 47 1 22 98
4 5
12 34 29 99 22
1 1
11
6 8
1 40 89 30 1 8 13 95
2 6
4 2 79 52 82 38
7 9
84 40 36 74 63 1 9 65 75
17 1
19
7 4
44 64 1 16
11 6
57 8 55 28 11 15
12 2
64 96
20 2
26 62
