100
3 8
5 6 9 4 8 2 1 7
3 1
2
3 10
2 4 8 16 32 64 100 100 100 100
3 10
1 4 4 4 4 4 4 4 4 4
100 1
100
3 5
11 20 60 22 100
2 10
100 100 100 100 100 100 100 100 100 100
3 5
100 100 100 100 100
3 4
1 6 12 49
2 6
9 64 19 16 81 80
1 10
100 100 100 100 100 100 100 100 100 100
1 10
1 1 1 1 1 1 1 1 1 1
13 7
98 65 17 29 1 20 34
1 7
94 32 84 17 89 36 38
11 4
7 1 99 7
1 3
38 3 7
19 9
1 38 14 22 36 33 48 23 40
4 5
18 61 27 1 16
1 7
68 2 33 31 20 4 93
2 8
3 27 1 13 21 1 1 9
4 6
10 9 24 64 70 80
12 8
96 90 22 42 1 82 1 13
3 6
12 4 28 1 16 1
5 7
17 36 41 80 36 95 2
4 9
37 96 62 2 14 64 16 5 75
1 2
53 11
17 6
1 40 2 71 1 10
4 4
58 2 58 86
5 3
25 68 91
1 9
13 1 70 52 18 66 50 55 74
20 8
70 17 91 65 9 26 89 2
4 2
1 57
6 2
46 24
6 4
57 93 13 29
1 2
94 1
14 9
68 71 2 42 24 5 17 8 3
12 6
11 32 5 29 7 92
6 7
4 53 73 3 30 25 1
1 2
2 18
8 7
4 10 21 45 9 2 74
3 7
47 61 16 22 1 37 27
20 5
10 1 2 2 22
1 4
2 16 12 19
6 1
3
12 8
12 1 3 3 10 56 33 40
1 6
92 96 28 27 36 19
4 5
16 8 1 38 8
5 5
3 1 1 16 43
4 8
26 95 24 13 2 27 33 69
14 3
20 10 10
3 4
41 36 67 10
4 9
64 35 72 22 1 6 10 93 6
19 5
14 2 70 3 17
13 3
93 17 4
1 8
1 83 13 1 13 3 24 90
9 1
1
1 6
1 10 80 64 33 43
17 5
1 65 25 29 6
1 7
11 5 3 37 27 38 26
6 1
69
2 6
17 92 4 97 73 31
4 8
25 22 37 54 88 1 81 84
19 4
91 4 4 25
9 1
94
7 9
66 42 5 10 17 77 10 16 87
1 3
28 70 26
2 5
43 8 21 1 5
3 8
21 2 1 4 70 10 26 1
9 5
54 39 4 65 81
5 9
73 2 5 1 59 58 9 1 9
10 2
72 2
5 7
66 1 48 2 52 79 19
23 5
60 31 41 57 40
4 8
7 14 90 7 45 48 16 7
11 2
20 5
1 6
2 28 11 34 12 3
1 9
3 1 14 68 81 21 42 49 71
24 8
12 62 8 29 71 45 20 1
14 9
65 27 61 1 20 80 21 60 59
19 6
10 85 21 41 19 1
10 4
69 1 11 36
6 6
1 35 9 68 57 28
1 1
19
7 1
1
2 3
62 1 1
2 4
41 1 91 85
13 7
55 20 1 71 1 47 6
1 5
1 48 4 4 13
16 2
1 10
15 5
61 16 67 70 2
21 7
12 20 65 18 3 17 59
4 4
94 67 5 45
13 6
19 84 58 89 2 5
1 8
19 1 40 95 93 1 5 21
5 9
42 80 3 36 79 89 2 89 3
18 8
2 32 30 2 6 36 33 70
1 4
80 1 93 66
7 7
48 23 46 2 70 1 11
8 1
15
5 8
68 15 93 51 33 7 91 4
