134
4 4 3
50 3 0
4 4 0
50 50 248
3 3 2
2 50 46
50 50 51
2 50 5
50 2 3
50 50 2399
2 50 42
50 3 4
3 1 1
50 50 1
50 50 0
50 50 251
50 50 2400
2 50 48
2 50 4
50 50 52
2 50 49
50 50 2498
50 1 47
50 50 2451
50 50 2448
3 50 0
50 2 43
50 50 2401
4 4 2
3 50 45
50 50 2491
1 50 48
50 2 44
50 50 2490
50 3 44
50 2 5
50 50 249
4 4 8
1 50 1
2 50 0
3 50 1
4 4 12
50 2 4
2 50 47
4 4 15
5 5 23
50 3 42
3 50 3
50 3 3
50 50 250
4 4 9
2 2 1
3 3 6
50 2 48
50 2 2
3 50 4
50 3 5
50 50 2449
50 3 1
50 2 45
50 50 49
3 3 5
2 50 3
2 50 1
3 50 42
50 50 3
3 50 2
50 1 3
1 50 3
10 10 82
50 50 2495
4 4 14
50 3 48
2 50 44
50 3 49
50 1 0
50 50 2450
2 50 43
50 50 2398
50 2 46
3 3 4
50 50 2
50 50 2493
50 1 1
50 50 2494
3 3 3
3 50 47
1 50 2
3 50 5
1 50 49
4 7 3
4 4 4
50 2 47
3 3 7
4 4 10
3 50 46
4 4 13
50 50 2452
50 2 0
3 50 43
4 4 5
50 3 43
4 4 11
3 50 49
50 1 49
50 50 48
50 3 46
50 1 48
2 50 2
50 50 50
50 2 1
50 50 2492
3 3 8
4 4 6
4 4 7
50 2 49
4 4 1
1 50 0
1 50 47
50 50 2496
50 3 45
50 2 42
3 50 48
50 50 2497
3 50 44
50 50 252
50 3 2
50 1 2
50 50 2499
3 3 0
2 50 45
50 50 2402
3 3 1
50 3 47
