225
5 4 15
5 4 19
4 4 6
5 2 6
5 3 3
3 3 1
4 3 0
4 3 4
2 4 6
3 5 12
4 2 0
4 5 4
5 3 6
2 2 2
3 3 6
2 4 4
5 1 3
5 5 6
4 4 13
5 3 9
1 5 2
4 1 1
4 2 6
5 5 24
4 4 15
5 5 17
5 4 10
4 5 11
4 4 3
5 5 13
3 2 1
5 3 10
4 2 1
4 5 2
4 3 2
3 3 5
2 5 3
3 5 4
3 3 4
3 4 6
2 3 2
3 3 7
2 5 6
1 5 0
5 4 12
5 4 3
3 3 2
5 5 23
5 4 4
3 3 3
5 5 15
4 3 5
5 4 18
4 5 3
5 3 0
4 3 8
2 4 3
5 3 2
5 4 14
5 4 2
5 2 2
2 4 2
4 4 11
5 5 16
2 4 0
4 1 3
3 4 9
4 4 14
4 5 19
5 5 18
5 5 5
3 2 3
3 5 6
5 2 7
2 4 7
5 4 5
3 3 8
3 2 5
1 4 0
4 1 2
3 5 1
3 5 11
3 5 5
4 3 6
5 5 10
2 4 5
3 4 3
2 5 8
5 2 4
4 5 10
3 4 7
5 4 7
4 5 8
4 2 7
1 2 1
3 4 8
4 5 15
3 5 9
3 4 2
4 4 0
1 5 1
5 1 4
3 4 10
5 1 2
4 5 7
4 4 5
4 4 8
5 5 9
2 3 3
3 4 0
1 3 2
1 2 0
5 3 5
4 3 9
2 5 4
4 3 3
1 4 1
5 5 20
5 4 1
2 3 5
1 5 4
5 5 3
3 5 14
5 2 9
3 1 2
5 3 4
5 5 4
5 2 1
1 4 2
3 5 2
2 4 1
3 2 4
3 4 11
5 5 2
5 3 12
4 2 5
5 4 8
3 1 1
2 1 1
5 5 12
3 5 3
5 3 8
3 4 4
4 3 7
5 3 14
4 5 1
2 3 0
5 3 11
2 5 0
3 3 0
4 5 14
2 2 3
4 2 2
5 4 11
5 4 0
2 3 1
4 5 5
5 5 21
2 5 7
4 4 10
3 5 10
3 4 1
3 5 0
3 5 7
5 1 0
1 3 0
4 5 9
5 3 1
4 3 10
3 2 0
5 2 5
2 5 9
4 3 1
5 4 16
5 5 8
5 5 19
1 4 3
5 3 7
5 2 8
4 4 4
3 2 2
5 5 7
2 2 0
4 5 6
4 2 4
4 5 17
2 2 1
5 4 6
1 1 0
4 1 0
2 5 2
4 3 11
2 3 4
4 5 0
4 4 1
2 5 1
3 5 8
5 4 17
4 4 9
5 5 14
1 5 3
3 5 13
4 5 12
5 3 13
5 4 13
4 5 16
4 5 13
4 4 2
3 4 5
5 5 22
4 4 12
3 1 0
5 4 9
4 5 18
5 5 1
4 4 7
2 1 0
1 3 1
4 2 3
5 1 1
5 5 11
2 5 5
5 2 0
5 5 0
5 2 3
