100
2 73
1788 1776 1775 1773 1769 1765 1761 1758 1769 4073 4070 4073 4077 4080 4082 2739 2734 2730 2725 2723 2722 3255 3262 4019 4007 4007 4626 4622 4625 4627 4632 2242 2239 2225 2241 2246 2251 2256 2257 2737 2733 2749 2733 2737 2739 2743 2569 2564 2560 2558 2553 2551 2548 2535 2544 2547 2548 2549 2551 2555 1592 1590 1586 1591 1579 2107 2087 2084 4931 4918 4930 4933 4934
1787 1783 1782 1778 1785 1780 1777 1772 1773 4064 4060 4079 4083 4085 4087 2744 2735 2733 2726 2725 2708 2716 4014 4000 4002 4005 4620 4602 4610 4632 4637 2245 2242 2244 2242 2249 2254 2257 2738 2734 2731 2729 2732 2736 2740 2575 2572 2561 2557 2554 2549 2548 2543 2529 2540 2543 2546 2548 2550 2553 2555 1579 1569 1575 1577 2106 2101 2081 2090 4937 4938 4934 4938
28 5
721 715 721 719 722
719 714 709 717 719
711 709 706 713 717
712 706 704 708 713
707 705 700 699 717
705 700 699 698 702
700 697 696 691 698
701 703 699 708 710
706 706 701 709 712
708 707 716 714 713
712 711 717 719 718
717 724 721 724 728
731 726 726 2670 2674
732 729 2671 2668 2670
2674 2671 2667 2667 2671
2673 2670 2666 2663 2667
2671 2668 2665 2662 2663
2674 2667 2662 2657 2660
2670 2665 2657 2655 2659
2662 2661 2653 2650 2651
2660 2657 2652 2649 2655
2650 2646 2649 2646 2650
2648 2645 2642 2641 2642
2644 2643 2640 2639 2641
2645 2641 2636 2634 2635
2641 2636 2637 2633 2634
2639 2634 2631 2628 2633
2635 2633 2628 2627 2626
2 19
4801 4794 4780 2821 2827 2831 2100 2097 2093 1112 1114 2357 3721 3720 3724 4025 4033 1842 1844
4799 4794 4789 2549 2550 2553 2101 2093 2092 1108 1122 2353 2352 2345 2362 228 1836 1831 1842
15 3
65 61 47
2105 2103 56
3127 2089 2097
3125 1249 1255
3136 1253 1254
3867 3870 3321
3856 3875 3317
3862 3313 3303
3866 4013 4010
3870 3873 1558
466 1566 1550
463 1457 1560
462 1440 1460
467 1449 1463
1473 1469 1465
8 3
2666 2685 2690
618 10 2336
3372 1 2322
1890 1879 4242
313 4305 4224
4020 4066 4946
4116 4115 4125
4127 4125 4130
3 44
3396 3393 1006 1000 4488 4486 4490 196 198 199 3413 3407 3404 3407 3404 3407 1743 1736 1731 1734 1739 1743 2838 2836 2833 2831 2834 2834 2839 3808 4025 4020 4015 4010 4015 4017 4021 1542 1541 1537 1541 1542 4712 4714
3391 3390 1002 993 997 4487 4492 207 208 211 3410 3391 3399 3400 3403 3408 1741 1718 1730 1733 1735 1739 2837 2835 2831 2827 2814 2832 3806 3803 3802 4022 3993 4005 4009 4013 4016 1528 1527 1524 1543 4708 4707 4694
3384 3370 3374 1013 4493 4490 4492 211 210 3415 3410 3407 3402 3405 3406 3411 1736 1716 1725 1726 1740 1741 2829 2828 2825 2822 2817 2820 3803 3790 3797 3994 3990 3988 3992 3993 3995 1530 1533 1528 4709 4705 4702 4692
1 13
1340 1325 4542 4529 3173 3209 4486 1414 1412 4721 1490 3020 3171
1 25
739 747 1466 1471 570 553 1808 1815 2474 3168 3175 3328 3324 3312 4132 4138 4820 4815 4811 623 603 851 2877 2889 2952
5 21
1406 1395 882 881 868 880 885 1358 1357 1360 1362 1375 4753 4747 4751 3789 3807 1776 1770 1775 1780
1401 1394 420 849 883 885 1971 1365 1347 1361 1365 1370 2405 2397 3793 3788 3803 396 1781 1783 97
1397 1392 417 833 852 857 1966 1963 1354 1365 1368 117 2403 2392 2397 3786 3785 378 396 93 77
1394 1386 400 3064 1515 1965 1963 1962 1967 1973 132 113 124 2405 317 3790 3795 390 789 787 774
1395 1387 420 1527 1507 1508 1962 1949 1966 1970 1971 119 311 303 312 315 319 394 3177 3161 786
17 6
1520 1518 1514 1511 1509 1512
1515 1511 1510 1505 1505 1507
1509 1508 1505 1504 1502 1501
1504 1506 1504 1498 1497 1500
1503 1502 1499 1494 1495 1496
4202 4203 1494 1489 1496 1491
4201 4199 1489 1486 1487 1486
4199 4197 1486 1481 1482 1482
4198 4196 1484 1479 1476 1477
4185 4195 4198 1484 1482 1485
4195 4198 4200 1487 1487 1492
4198 4200 4204 1490 1492 1495
54 60 4207 67 1495 1500
52 55 59 62 63 1505
43 57 62 63 65 68
50 55 63 64 69 72
51 66 65 70 74 79
19 2
3927 3923
3919 3918
3917 3903
1537 1518
1319 1318
1332 1315
781 1334
778 781
765 779
1506 1522
1525 1059
1069 1065
1073 1069
1076 1072
1076 1075
1081 1079
1084 1083
1085 1084
1087 1091
15 8
2710 2700 2704 507 1282 1276 1278 1396
2714 2711 500 490 1277 1271 1276 1394
2719 1502 1503 510 1647 1291 1394 1393
1504 1500 1501 1649 1645 1662 1399 1391
1485 1483 1492 1661 1643 1657 1659 1411
1492 1489 1493 2419 1656 1659 941 943
1493 1490 2422 2418 1007 947 936 951
2427 2425 2420 2417 997 1011 952 955
4060 4058 4055 2435 1016 1014 4884 4887
4050 4049 4051 4899 4895 4893 4883 4892
4051 4047 4046 4038 4895 4894 4889 4893
4049 4045 4043 4025 4043 4899 4902 4896
4054 4046 4044 4043 4046 4903 4058 4901
4055 4059 4049 4046 4049 4053 4054 4059
4059 4060 4062 4051 4054 4057 4055 4061
5 13
2520 2524 4857 4865 997 1002 925 927 932 1513 1509 1515 1518
2511 2526 4853 4852 978 2579 923 926 933 1510 1508 1514 1515
2530 2530 545 544 563 2573 922 926 929 1507 1507 1512 1513
4015 1060 4476 4457 4103 2586 929 352 360 1504 1506 1515 1511
3995 1045 1047 4465 4114 2587 933 357 1506 1490 1511 1505 1506
6 19
3144 3139 2434 87 74 93 610 607 3593 3574 3594 3597 145 149 4211 4206 4201 4199 4193
3138 3134 2423 2441 77 613 609 594 1287 3870 3873 140 144 147 4205 4202 4199 4194 4190
3146 3129 2748 2749 2753 817 816 812 1292 1246 1247 139 141 144 2057 2053 831 4200 4180
2747 2743 2728 2738 108 405 807 798 816 1236 1253 127 130 2058 2053 2051 826 818 4190
2748 2746 2737 88 105 402 1452 1447 1462 2969 4425 4445 4446 4516 2052 2039 2052 824 4192
2753 112 111 107 108 421 1457 1459 1461 2981 4931 4937 4942 4511 4498 2046 2511 2505 2523
3 3
9 6 3
5 9 6
3 5 9
5 5
18 12 0 21 18
18 5 16 7 24
0 16 30 16 0
10 25 15 10 8
11 13 0 9 24
20 12
342 334 333 339 331 333 334 336 328 326 334 338
340 332 330 335 328 325 328 328 325 324 329 334
335 330 329 328 326 324 327 326 320 323 325 331
333 328 324 322 321 319 320 324 318 322 327 329
335 330 329 325 320 304 314 315 316 317 319 320
3328 3325 3323 3322 326 321 316 318 319 322 323 328
3328 3323 3322 3318 3316 323 317 323 321 323 557 559
4769 4768 3320 3317 3314 3316 3318 3317 554 556 553 558
4771 4766 4768 3313 3311 3312 3314 3316 551 543 552 559
4759 4764 4769 3310 3309 3311 3312 555 548 542 550 554
4756 4759 3322 3321 3301 3319 3322 550 546 535 548 553
4752 4739 4742 136 3318 3321 3323 554 551 545 550 554
4749 4734 4751 121 133 3322 3325 3326 554 548 555 559
4753 4747 4748 127 3667 3668 3330 3329 559 563 558 561
4753 4750 4751 3653 3664 3669 3334 3337 564 568 563 566
4756 4751 3649 3648 3662 3666 2165 2165 2168 569 573 571
2430 2433 3652 3652 3666 2168 2162 2163 2164 2166 2169 576
2425 2426 3129 3119 3138 2163 2157 2160 2161 2180 2171 2191
2423 2426 2438 3133 3136 2174 2170 2171 2172 2176 2180 2189
2422 2432 2436 2439 2443 2177 2173 2174 2177 2179 2182 2186
3 29
4853 4851 1836 1839 1394 1395 1390 4524 4506 4350 1627 1641 2273 3209 3208 3191 4906 4893 4908 4909 2068 2067 2049 1778 474 470 480 2899 2899
4862 4850 1822 1841 1393 1389 1388 1385 4509 4929 1643 2281 2262 2870 3204 3189 3196 4902 4909 4914 2073 2072 1781 1774 1782 475 2901 2896 2892
699 4859 1826 1399 1398 1393 1376 1382 1386 4949 1644 4442 4435 2864 2869 245 263 268 4912 4916 2075 2074 1783 1782 940 960 964 900 882
5 5
18 12 0 21 18
18 5 16 7 24
0 15 30 15 0
10 25 15 10 8
11 13 0 9 24
35 9
522 520 516 516 518 521 525 526 529
4667 516 514 511 513 515 519 520 525
4662 4654 508 506 509 511 510 514 516
4657 4653 4648 503 507 508 509 513 516
2877 4657 4645 490 497 512 512 514 517
2874 2872 4646 509 512 3553 3552 3555 3556
2872 2870 2861 2865 2868 3552 3533 3551 3552
2876 2876 2872 2876 2877 3554 3537 3541 3544
2877 2880 2873 2879 2882 3545 3540 3542 3548
2880 2882 2877 2880 2881 3550 3545 3544 3548
2884 2824 2824 2881 2886 2891 3546 3547 3549
2814 2820 2821 4151 4154 4154 4154 3550 4524
2813 2815 2816 4146 4137 4149 4151 4521 4521
2811 2816 4514 4509 4496 4514 4515 4518 4520
935 955 960 4514 4516 4517 4522 4524 4525
955 957 962 4515 4518 4521 4523 4525 4529
956 957 958 959 960 3521 4527 1538 1543
960 961 963 962 3521 3519 1552 1533 1539
998 965 999 3511 3510 3502 4978 1536 4999
995 994 997 1002 3514 3519 4988 4991 4995
993 992 995 998 851 848 847 849 853
988 987 987 999 855 851 843 845 849
973 972 986 2036 2037 847 840 853 3515
4106 4088 4096 2034 2033 2049 848 3503 3511
3456 4103 2885 2039 2049 2876 1627 1626 1640
3472 2888 2884 2880 2861 2871 2874 1646 1650
3475 2276 2886 2884 1912 2875 2878 1648 1652
2276 2273 2274 1912 1900 1906 2882 2448 2451
2282 2263 2271 1922 1917 1908 2446 2445 2450
2504 2502 2509 2511 1913 1910 2442 2437 2452
4379 2516 4372 4380 1917 1912 2443 2441 2446
4375 4374 4359 4378 4379 74 71 68 68
4373 4372 4368 4369 70 69 66 65 67
4377 4376 4373 4373 71 66 63 52 58
4378 4381 4383 76 74 70 65 61 62
1 67
1565 1558 1566 1567 1572 1573 1575 3764 3759 3757 3752 3748 3747 3743 3742 3741 3736 3734 3721 3735 4181 1503 1495 1496 857 853 852 859 861 4339 4321 4326 4331 2961 2942 2956 2957 2961 2964 3931 3926 3921 3919 3903 3905 3906 3908 3913 4337 4335 4334 4333 4313 3348 3351 3353 3019 3017 3015 3010 3028 68 62 69 2050 2034 886
71 1
1881
1877
1873
1868
1864
1859
1855
1852
1851
1847
1843
1839
1837
1833
1832
1828
1825
1807
1819
1820
1825
1827
1828
1833
1838
1839
1843
1848
1853
1856
1858
1859
1863
1864
1869
1872
1877
1629
1626
1622
1617
1615
1610
1605
1601
1596
1594
1592
1588
1585
1581
1580
1576
1574
1572
1567
1564
1559
1555
1575
1579
1583
1586
1590
1591
1593
1597
1602
1604
1608
1610
5 7
2195 2194 2183 229 222 230 4886
4914 4912 2197 233 231 3008 3024
4915 4904 4915 917 904 3025 1199
1790 1788 4917 4921 921 3362 91
1777 1772 1781 1784 926 107 88
2 31
2325 2196 50 3245 3253 991 1077 1072 1070 3800 1579 3660 3661 3675 3677 3156 3155 3156 1962 1965 768 3652 3641 791 796 801 4459 4451 4455 4459 4461
725 2198 51 3252 4794 989 1008 480 476 4822 1571 3658 3668 3670 3674 3153 3151 3145 1943 1960 766 764 792 780 782 4457 4455 4439 4443 4445 4449
8 4
871 4677 4660 2650
854 871 1695 2670
873 46 1703 1706
49 44 50 1711
53 491 55 3479
488 480 4403 3477
493 4392 4383 3464
496 500 4402 2523
4 3
1897 1358 1362
1893 4610 4611
4614 4594 4613
4610 4607 2972
8 11
4294 4293 4289 4290 1330 1317 1323 1324 1329 1629 1625
4293 4292 4287 4288 887 886 1326 1326 2204 1640 1623
4277 4276 4273 4278 882 880 897 2192 2201 2208 1637
4281 4104 4093 4100 884 891 4256 2189 2187 2205 2207
1564 4101 4097 4105 4257 4252 4253 4258 2201 2210 2212
1562 1564 4098 4244 4238 4251 4252 4257 4199 2215 2217
1551 1552 4261 4257 4256 4256 4257 4195 4198 4200 4202
1566 1568 1569 4262 4203 4200 4197 4193 4198 4203 4206
59 2
2518 2511
2500 2510
2503 2515
2488 2485
2487 2472
3832 4698
3820 3829
3835 3832
3839 3800
3801 3798
3796 3794
3792 3790
3787 3789
3785 3784
3785 3783
3625 3763
3605 3608
2399 2410
3312 3323
3328 3332
3915 3915
3912 3910
3913 3903
3912 3909
2163 3911
2158 2163
2154 2157
2163 3996
3986 3992
1977 1992
1973 1991
1975 1993
2613 2596
2609 2595
2610 2606
2613 2611
2618 2614
1772 1775
1768 1771
1764 1762
1760 1758
1741 1755
1748 1757
4212 4209
4209 4205
4205 4193
4210 4201
1799 1799
1794 1798
1793 1797
1790 1787
1787 1782
1772 1780
1780 3671
3689 3687
3694 3691
3697 3694
3704 3699
3706 3702
2 1
557
280
100 100
195 193 191 190 186 185 184 182 179 173 194 190 189 180 177 176 176 173 169 167 178 175 170 166 170 153 155 144 139 137 135 131 129 132 135 120 117 108 104 101 97 104 96 73 75 69 66 64 69 72 74 51 50 49 48 46 43 39 42 49 53 56 60 61 64 67 68 67 73 75 77 82 120 125 110 107 111 112 113 94 111 106 103 97 100 95 97 98 102 104 127 122 120 125 129 133 156 155 150 151
218 214 214 190 186 181 178 177 175 172 189 190 185 180 176 173 172 171 166 164 166 165 164 163 152 150 150 143 146 143 131 130 128 128 122 120 115 105 102 98 96 101 91 72 70 69 62 61 65 66 49 38 33 33 34 45 41 37 41 46 50 51 56 56 62 67 69 66 68 72 73 77 118 118 121 102 105 110 95 91 107 105 102 93 95 94 95 97 98 123 123 127 116 124 130 129 145 139 147 149
213 210 213 188 183 180 181 176 174 169 187 185 181 179 175 170 169 168 164 159 158 155 164 162 153 149 146 142 142 140 135 130 127 126 121 116 114 111 107 99 95 99 89 74 69 64 59 58 58 54 47 32 29 28 29 25 32 35 40 44 47 50 54 55 59 63 55 63 66 69 72 77 113 115 118 100 104 97 94 90 95 99 98 92 94 93 98 97 107 118 121 125 111 123 126 128 142 137 145 148
209 206 210 182 178 176 175 172 169 168 160 181 179 178 173 170 165 162 157 155 154 151 161 157 154 150 146 141 146 141 136 132 128 124 122 121 101 100 96 95 94 90 86 58 57 63 60 57 54 50 46 30 28 25 24 22 27 34 36 41 44 46 57 46 50 51 54 58 59 63 77 80 110 103 101 95 100 100 88 86 97 95 95 87 95 90 93 94 105 114 117 107 109 119 122 141 138 136 141 143
203 201 195 193 180 181 176 170 169 164 159 157 182 178 175 168 167 165 160 155 152 150 149 146 156 151 137 136 135 142 137 135 132 135 125 103 102 97 92 96 91 83 82 57 56 55 55 51 50 48 44 31 27 24 22 21 24 29 34 36 41 46 47 44 44 49 53 57 59 61 72 110 105 101 98 91 93 98 84 83 96 94 90 86 86 88 92 94 104 110 103 102 104 116 119 128 136 131 136 137
201 200 193 192 191 187 175 170 166 161 156 152 147 149 177 174 171 174 159 155 153 145 142 141 139 135 132 127 131 134 123 119 116 137 98 93 92 95 91 84 86 79 78 78 52 51 50 49 45 41 40 29 26 23 19 17 19 31 39 43 43 43 40 42 43 45 55 60 59 61 67 70 110 97 94 89 86 89 82 79 93 92 89 85 82 84 89 104 102 106 100 101 102 113 120 126 127 130 131 135
201 197 192 191 187 184 183 175 169 165 160 149 145 140 177 176 176 178 163 160 155 152 147 136 144 133 129 125 126 129 125 119 114 114 101 96 91 88 86 83 82 77 76 77 82 53 51 48 43 39 35 30 28 24 18 16 20 24 25 29 40 38 39 40 41 44 49 54 55 60 62 65 68 74 90 88 85 88 77 75 76 93 88 85 81 83 85 105 100 104 99 104 110 112 116 121 122 128 126 131
187 198 193 194 191 179 179 177 178 155 150 147 144 139 136 137 133 134 137 145 140 135 132 131 131 130 129 124 123 119 120 115 111 109 106 96 94 89 87 85 81 77 74 74 67 60 58 53 47 38 36 34 24 20 15 13 16 20 21 28 34 35 38 41 42 47 54 56 63 59 63 65 66 70 74 84 80 83 75 72 75 90 87 84 80 85 106 102 97 100 97 104 106 110 112 116 120 123 125 127
186 182 176 175 175 176 175 173 177 181 147 142 139 138 133 132 128 130 133 140 137 134 129 127 126 125 124 122 119 118 115 112 109 107 105 108 106 86 84 81 76 75 71 69 66 64 61 58 61 42 41 38 26 17 13 11 14 17 19 25 30 32 33 42 46 48 46 62 60 57 61 62 65 68 71 74 76 75 71 71 75 87 82 83 77 82 80 98 94 97 96 100 104 105 108 112 116 118 122 124
182 178 175 174 172 173 172 169 176 138 136 146 135 134 133 131 126 127 144 139 137 137 134 129 127 126 125 125 121 119 120 116 110 106 104 107 102 100 97 94 95 75 73 72 69 67 66 63 51 46 44 23 19 16 11 0 1 16 18 23 26 35 33 38 35 36 43 42 58 54 53 57 62 64 69 72 74 66 66 68 69 83 80 78 74 75 76 94 89 93 95 98 103 105 106 107 110 111 127 127
184 173 171 169 168 167 165 168 171 134 131 134 123 132 129 125 122 140 139 137 132 127 121 132 130 127 129 126 150 121 115 112 110 108 103 100 100 99 92 93 90 76 74 76 72 70 59 55 51 49 49 19 15 11 6 3 8 13 16 20 22 27 31 36 31 33 39 40 45 51 48 55 57 62 64 68 67 63 62 63 65 78 75 68 69 68 80 87 85 89 96 100 103 106 108 111 112 115 116 113
176 174 173 172 167 166 163 166 170 134 130 129 121 116 123 120 119 117 130 129 126 124 120 118 153 151 150 148 146 142 115 113 104 102 100 99 96 95 90 87 86 84 79 80 76 72 63 60 52 53 27 23 19 14 10 8 12 18 19 23 26 25 26 29 27 31 36 38 41 41 47 50 55 56 62 63 65 60 57 57 66 70 71 67 65 66 76 87 82 83 83 103 108 109 112 117 118 122 124 112
182 177 175 172 169 163 161 164 136 131 128 124 119 115 117 124 116 113 130 127 125 120 115 114 118 149 147 143 141 139 138 110 108 105 103 101 98 96 94 89 88 87 83 86 88 76 79 57 54 58 27 24 23 14 11 13 22 19 21 25 24 21 17 29 24 26 26 40 36 39 44 45 49 54 57 58 63 55 52 55 63 68 53 56 63 65 73 77 78 79 81 82 83 95 96 100 99 124 114 111
183 177 176 177 171 161 158 160 155 151 132 142 116 113 116 116 111 112 116 133 124 119 115 112 116 150 148 147 142 137 134 128 127 106 108 105 102 100 97 94 93 90 86 89 93 79 82 68 66 61 32 30 28 14 12 18 27 21 26 27 24 19 14 12 20 21 23 28 33 36 40 48 50 56 58 59 60 49 50 53 60 54 52 55 59 69 71 75 74 78 80 85 89 90 94 94 97 105 109 109
179 175 174 173 166 157 156 161 151 148 153 138 134 109 111 110 109 110 112 128 123 118 113 109 115 115 142 141 136 135 131 127 126 122 109 108 103 101 100 96 94 91 92 93 94 84 87 70 68 63 33 22 20 17 13 16 32 23 31 25 20 16 11 11 15 16 22 27 32 34 42 56 51 52 53 55 45 48 49 50 56 52 51 54 65 64 66 68 71 75 80 82 83 86 90 93 96 100 104 108
154 159 172 169 165 161 155 156 148 147 147 137 133 105 112 106 108 109 111 104 103 113 108 104 113 110 107 146 137 135 131 128 122 120 115 110 114 106 104 100 98 95 96 98 102 85 86 70 67 65 38 24 23 19 17 19 24 28 26 21 16 13 8 0 11 14 18 20 33 36 38 61 56 54 58 45 44 44 47 51 55 52 49 54 66 62 57 61 62 75 75 78 79 84 86 91 94 96 100 104
151 154 148 154 160 158 153 152 147 145 146 132 130 104 108 103 105 108 113 103 101 99 107 102 106 105 104 107 140 137 132 130 129 122 118 115 117 122 104 103 103 97 99 99 106 89 43 42 40 37 34 29 24 21 18 24 33 30 27 23 21 17 12 4 16 15 19 23 35 41 44 51 58 53 59 46 43 41 46 41 46 48 46 50 63 60 55 56 60 72 73 75 79 81 84 94 95 99 103 108
150 149 145 150 141 153 151 147 146 141 133 131 125 102 102 98 101 103 104 99 99 97 91 98 99 99 103 108 112 138 139 137 126 123 120 117 122 123 107 105 108 102 103 104 118 91 48 45 41 33 32 31 29 24 23 26 35 34 32 28 24 17 12 9 21 20 21 26 28 31 44 50 54 51 56 45 41 39 31 36 44 43 41 40 48 49 54 57 62 67 69 80 84 76 84 87 88 89 89 94
149 145 144 138 139 141 148 145 143 139 132 128 122 101 97 96 96 98 99 95 94 93 88 93 94 98 102 103 104 141 138 133 129 125 121 126 125 130 112 109 114 111 106 109 113 114 94 88 43 41 38 35 30 28 27 41 40 38 36 40 25 21 19 14 17 22 23 30 33 38 42 45 46 48 51 48 38 34 29 34 39 38 36 39 43 47 51 56 67 68 66 71 70 72 80 84 86 86 87 88
146 143 139 137 137 137 133 127 133 134 128 123 118 123 96 95 91 92 96 92 88 89 85 79 90 102 107 84 94 140 137 136 132 128 124 130 126 133 132 129 117 116 108 112 113 116 90 85 80 44 41 36 36 32 30 44 41 39 41 45 27 22 18 16 17 33 28 31 36 37 44 50 51 52 53 52 29 28 25 21 14 37 33 36 41 42 49 51 54 56 61 63 67 71 76 80 82 84 85 90
141 142 137 135 133 133 130 126 129 130 132 115 113 100 100 91 89 88 92 88 84 85 84 78 85 86 80 79 89 93 142 140 134 129 134 131 131 132 127 126 123 120 124 117 118 87 82 80 76 71 68 64 61 57 54 48 46 51 31 20 15 27 22 17 21 22 31 36 37 40 43 51 55 54 59 44 32 27 22 19 10 28 30 35 38 40 45 48 53 54 56 67 72 75 79 83 85 86 93 94
140 137 135 132 130 128 125 125 126 126 127 113 110 98 96 95 88 87 86 83 79 82 81 77 82 86 91 74 88 92 145 145 138 132 134 132 147 142 136 131 128 122 125 123 95 94 89 75 72 68 67 63 58 53 49 48 47 32 27 15 10 9 23 19 25 27 30 32 39 44 46 54 57 34 42 41 29 22 19 15 8 26 28 33 42 46 48 52 55 60 60 71 73 75 79 87 89 84 89 90
138 135 134 132 130 124 123 121 124 121 124 109 105 103 95 92 87 85 77 73 78 80 78 76 79 81 73 71 85 87 93 91 97 137 145 143 144 139 134 131 130 133 120 121 70 89 84 82 77 70 70 66 39 35 33 32 28 27 22 14 10 8 5 22 27 31 18 18 20 46 47 51 33 33 40 36 24 21 17 14 6 24 29 30 35 37 42 56 57 62 70 69 68 69 74 76 81 79 80 85
138 139 134 128 127 124 125 120 117 116 121 106 101 99 94 90 86 80 76 72 76 74 75 72 73 75 68 69 80 84 89 90 92 93 145 142 138 142 139 133 135 122 117 122 68 64 53 52 49 48 48 43 40 41 40 34 33 19 17 12 7 5 4 8 10 11 14 17 19 23 31 29 31 32 35 31 32 29 11 10 1 19 24 28 39 44 50 54 52 56 60 64 67 71 72 68 71 74 75 80
137 133 130 126 125 122 118 116 115 112 116 112 99 94 90 85 81 76 73 71 71 72 71 70 71 69 66 67 79 81 81 84 89 91 96 138 135 139 144 124 120 118 114 117 61 60 58 54 47 46 45 47 43 40 38 18 16 13 10 7 5 4 1 6 9 8 10 17 22 24 26 28 30 39 35 30 27 24 17 12 10 20 29 34 38 41 45 48 50 55 59 60 63 64 65 66 70 73 76 81
133 133 132 127 127 124 116 113 109 108 108 110 116 92 88 83 80 75 72 70 68 67 65 66 66 62 64 69 74 78 79 83 93 95 136 128 133 138 123 120 113 111 110 115 116 61 63 55 52 48 43 42 40 38 34 32 23 26 21 16 13 7 0 1 4 7 9 13 17 24 28 33 34 40 48 24 22 19 16 15 28 24 28 31 35 38 39 43 45 48 51 54 59 73 76 78 87 91 94 99
132 129 128 128 125 122 117 112 108 106 106 109 113 100 89 81 78 73 72 69 66 65 62 64 63 59 60 61 76 83 83 88 94 133 132 127 132 121 122 119 109 107 106 109 109 114 60 58 54 50 49 43 39 36 32 27 22 21 16 12 10 5 1 3 7 9 14 17 21 22 25 28 30 66 45 29 25 21 20 16 30 25 30 34 35 43 44 48 49 52 57 62 65 68 70 74 84 88 93 94
128 127 123 120 124 122 118 109 106 105 104 107 108 97 95 84 81 77 74 70 65 64 59 61 62 54 55 56 66 70 84 85 90 133 126 122 119 118 117 114 107 105 103 105 107 111 93 91 53 48 44 41 40 41 37 29 26 39 18 17 15 10 5 8 25 12 17 20 23 23 25 59 61 62 42 32 27 26 27 19 32 28 29 38 39 51 55 53 54 55 60 62 65 67 72 76 80 84 86 97
124 120 120 117 122 117 114 110 104 106 99 99 99 96 92 89 84 77 74 69 67 58 54 59 54 52 53 57 64 68 70 73 130 129 124 119 114 113 112 109 106 104 102 97 108 110 94 89 87 80 79 45 44 53 52 48 41 38 20 17 13 9 6 10 21 26 31 36 47 48 53 55 56 59 38 35 30 28 36 35 33 31 33 42 43 48 51 56 56 59 64 64 70 72 73 80 81 83 85 90
119 118 115 113 116 111 110 106 103 101 97 98 98 97 96 69 60 59 75 74 70 50 52 57 46 50 52 56 59 62 65 68 69 131 130 127 123 118 115 111 106 102 100 96 98 99 91 86 83 80 75 79 45 67 47 43 39 36 32 20 17 12 11 16 18 19 36 40 42 46 49 53 55 58 40 39 35 29 39 37 34 34 37 43 44 49 56 57 60 62 64 76 71 73 76 82 84 88 89 90
114 113 111 108 107 115 114 111 98 97 96 93 96 99 70 65 60 58 53 51 52 47 49 46 41 46 48 51 53 59 63 67 69 74 70 130 124 120 119 115 111 105 95 91 92 95 76 91 86 72 70 65 65 64 63 59 57 28 27 25 21 16 15 20 22 35 38 41 45 47 50 56 56 61 43 42 40 42 40 40 39 35 38 45 48 53 59 61 63 65 66 69 76 75 80 84 98 93 94 99
118 118 108 103 102 107 95 90 96 94 91 89 91 92 68 67 63 63 48 46 46 45 50 30 38 42 47 49 52 57 62 63 64 65 68 69 70 69 122 119 94 88 89 86 91 77 74 71 69 66 66 62 60 63 62 57 52 53 28 27 23 20 20 23 28 30 35 42 49 51 52 57 57 58 65 45 43 45 42 44 43 37 42 54 52 55 59 62 66 68 73 70 81 80 84 87 92 98 98 99
109 110 107 101 98 96 94 87 83 84 85 84 87 64 66 64 60 50 46 45 43 40 41 28 33 37 33 36 40 54 64 64 58 62 65 70 66 67 70 96 92 87 85 81 78 73 71 69 65 63 59 58 55 47 44 39 47 43 39 30 24 22 26 28 33 34 39 40 45 46 51 54 55 57 62 64 46 50 51 48 46 51 46 56 54 57 61 66 68 70 72 73 87 84 89 92 95 100 102 100
104 103 102 98 97 93 89 86 81 80 86 81 84 62 63 60 55 46 42 44 41 36 38 27 30 28 29 35 39 49 52 55 57 58 59 66 61 62 64 91 87 82 80 79 77 72 69 68 66 61 58 55 50 46 42 37 42 38 37 42 27 24 28 38 35 36 40 43 46 49 52 55 57 59 71 72 50 53 56 50 47 50 65 61 62 67 65 66 71 73 73 77 79 89 100 96 96 100 105 101
106 108 106 100 95 94 93 81 80 77 76 78 80 60 56 58 53 40 38 34 32 31 36 23 23 27 28 31 33 48 50 52 55 59 55 60 59 61 66 89 86 83 81 83 87 85 72 70 61 57 54 53 46 44 39 35 35 34 35 39 33 29 31 41 39 42 44 46 48 50 53 56 58 61 69 71 73 76 56 54 48 51 69 63 67 69 68 72 77 75 79 82 97 92 104 101 106 111 110 103
104 101 99 95 94 92 89 84 85 80 75 74 72 53 51 50 49 48 35 31 29 29 15 18 22 23 25 29 41 46 48 45 49 47 51 55 58 62 98 94 90 84 84 84 81 80 76 71 53 52 51 50 47 45 34 33 29 31 25 31 32 35 36 29 41 32 33 47 53 58 54 57 59 63 68 69 70 75 77 56 53 84 79 75 72 74 84 89 80 76 84 88 100 97 108 103 110 115 112 116
104 103 104 97 93 91 87 83 80 75 72 71 67 66 49 44 45 43 30 29 28 25 12 17 22 25 26 31 36 38 41 44 45 46 47 50 59 62 97 92 91 94 96 88 86 82 78 73 78 53 52 55 53 48 34 31 27 26 22 27 28 30 17 24 24 29 34 33 35 40 59 64 60 65 71 74 75 77 78 83 57 87 84 81 77 79 81 85 82 79 85 108 103 98 103 118 113 115 120 122
105 104 108 112 87 85 84 83 82 78 73 72 64 61 47 43 40 38 33 28 26 21 1 14 15 17 19 24 41 42 46 50 50 48 48 52 61 101 99 96 92 95 96 92 90 85 83 74 74 69 56 60 53 49 36 33 32 23 20 11 11 10 16 19 22 27 30 32 34 39 40 45 50 54 58 77 76 79 83 84 58 88 85 82 82 83 88 98 102 103 106 109 108 100 107 122 116 117 121 124
114 109 111 101 99 96 85 81 78 75 72 65 64 59 53 48 44 41 35 33 29 24 16 15 19 24 32 33 36 42 45 45 49 53 58 63 65 70 101 103 94 97 98 93 90 89 77 74 70 67 59 58 53 51 54 22 20 19 17 1 8 8 12 17 23 28 30 36 35 42 46 50 52 57 60 82 79 90 85 87 92 88 86 85 83 87 92 93 97 99 110 115 110 103 108 126 117 122 124 125
119 113 105 103 100 95 90 86 73 72 67 62 60 55 53 52 49 45 40 35 35 29 19 18 22 23 28 32 34 38 43 44 49 53 56 58 60 61 65 90 94 97 93 91 95 93 77 68 66 65 62 61 58 54 32 29 28 27 22 5 6 7 12 15 18 21 25 29 48 47 48 51 55 56 58 63 69 76 88 89 104 95 90 86 90 88 95 99 102 103 108 109 113 105 124 123 121 134 130 126
121 114 109 91 85 84 75 71 69 67 65 61 60 58 54 55 54 50 44 32 30 28 26 23 25 28 31 35 45 48 44 45 47 50 54 62 68 65 68 87 93 92 90 87 82 77 75 74 71 69 65 64 46 43 38 34 29 29 24 7 7 10 17 17 21 24 28 30 51 52 49 52 55 58 61 62 67 71 75 103 102 97 95 90 95 100 96 102 115 118 122 123 128 132 135 126 137 132 131 131
117 110 106 87 82 81 80 79 72 70 69 67 64 59 59 60 59 53 45 37 33 32 31 25 26 29 30 33 43 45 47 52 52 54 58 59 64 68 70 83 85 64 92 89 83 82 77 74 72 71 68 61 48 46 50 48 37 32 28 33 11 12 24 21 23 27 32 60 56 58 63 55 57 59 60 64 72 73 85 106 106 100 97 92 96 101 105 106 110 112 126 130 132 122 124 141 137 133 134 135
112 109 104 108 86 83 78 76 75 72 70 68 67 62 63 69 64 69 49 47 43 38 35 33 31 34 34 37 38 39 51 56 57 59 68 61 69 74 77 81 83 62 57 88 85 84 81 77 77 68 65 57 58 47 45 43 41 37 30 36 15 19 28 22 28 29 33 66 61 63 64 69 60 61 64 67 75 80 82 84 106 104 100 95 99 102 106 109 112 113 115 116 117 119 120 145 142 137 139 137
106 102 101 98 98 84 80 77 80 75 78 74 72 68 66 70 68 72 57 52 46 41 42 37 35 36 37 39 42 46 53 55 58 62 64 65 70 83 79 82 58 57 54 54 52 47 40 37 70 67 60 56 55 54 49 44 43 41 32 33 16 24 33 34 32 36 67 66 63 65 68 69 61 63 67 68 77 84 85 90 107 106 98 96 104 106 110 113 116 114 117 121 119 123 124 145 144 138 143 146
103 100 97 96 95 93 92 80 80 79 83 78 76 73 69 71 72 55 54 51 46 42 45 42 40 44 41 44 44 46 51 52 53 58 66 67 70 82 85 60 55 58 53 53 50 45 36 33 67 66 62 58 59 55 51 45 47 49 35 38 21 29 37 39 33 34 72 69 67 68 73 78 83 66 69 69 78 87 90 94 112 104 99 101 105 109 113 115 120 115 119 123 123 124 125 150 149 148 147 148
107 104 98 104 99 90 89 86 83 82 87 82 77 76 71 75 60 58 56 53 51 44 50 43 44 48 45 48 52 54 56 53 55 60 69 71 74 77 80 56 54 53 49 49 47 43 38 32 32 29 24 29 64 58 56 50 49 50 54 41 25 27 40 39 37 41 75 72 68 70 77 80 68 74 74 79 83 84 85 87 90 93 104 103 108 112 115 118 123 118 122 126 124 127 128 155 153 153 152 156
108 114 110 108 100 98 93 89 85 84 87 85 81 79 76 77 79 61 58 55 53 62 59 57 55 51 50 53 57 59 61 55 56 59 62 64 73 74 83 62 55 53 48 45 39 40 33 31 26 25 20 25 30 21 24 56 52 53 54 55 29 34 51 46 41 42 45 46 50 52 56 63 65 70 73 74 78 86 86 89 93 98 109 111 115 113 118 122 122 119 123 128 133 136 137 150 151 158 157 159
113 118 113 112 105 99 98 93 98 88 89 87 86 82 81 79 83 85 88 62 57 66 63 61 60 55 58 55 60 62 69 58 57 59 66 68 70 73 68 59 54 52 48 42 37 35 31 27 25 22 15 14 17 18 16 20 53 54 56 42 31 44 48 48 45 46 50 51 55 56 58 60 62 64 68 71 72 79 87 94 98 117 114 115 117 117 122 126 123 123 126 130 135 138 140 145 146 190 160 184
127 120 115 113 111 105 100 94 99 91 92 96 89 87 84 80 86 88 89 91 58 65 64 65 62 60 62 60 63 68 66 63 60 61 64 93 72 101 63 58 54 50 45 40 37 34 30 25 22 19 14 10 14 22 15 17 21 28 43 39 42 42 45 46 52 50 53 55 56 60 63 65 67 68 69 72 73 76 78 98 102 117 116 118 120 124 124 125 127 130 130 134 136 138 164 167 170 188 183 181
123 118 114 109 107 104 102 97 101 92 95 93 90 89 89 85 88 92 93 76 75 73 69 71 66 61 70 69 68 69 74 66 65 63 95 92 93 98 102 79 77 73 70 45 67 66 32 27 41 39 36 8 10 19 14 19 25 27 32 34 37 39 44 43 47 55 58 58 62 64 68 72 79 70 74 75 74 81 124 102 128 122 117 119 120 132 125 130 134 134 138 135 138 164 161 169 168 172 182 178
125 122 118 112 114 111 107 109 97 94 95 99 95 90 90 89 89 95 94 95 77 77 72 69 68 65 74 78 73 75 78 85 68 97 93 88 89 102 103 72 69 68 66 60 57 63 63 41 36 35 34 7 4 9 12 17 21 26 29 32 36 38 39 40 42 46 65 60 61 65 66 70 75 80 83 113 115 118 119 120 126 130 124 121 123 127 129 131 135 136 143 139 141 160 159 167 164 167 168 173
128 134 129 116 112 111 108 110 114 96 99 101 98 111 108 109 93 100 96 100 80 79 76 74 71 70 85 81 76 79 80 83 88 101 89 87 85 80 76 68 72 67 64 59 55 62 62 34 33 30 31 4 2 7 9 13 16 36 34 37 38 42 47 49 67 70 74 61 66 68 70 75 80 84 88 109 111 113 114 117 121 124 128 126 128 130 132 143 148 155 145 140 141 153 155 163 159 164 164 169
132 127 125 121 116 120 119 119 120 116 114 120 113 108 105 109 89 83 100 89 91 84 80 78 80 75 92 88 80 84 83 88 95 91 89 86 81 75 73 67 67 63 61 57 54 57 57 36 32 27 26 25 1 23 13 14 33 35 36 41 42 43 58 61 62 66 71 76 79 88 84 88 93 87 109 107 106 110 112 117 117 117 118 129 120 125 142 141 143 150 152 160 154 149 153 157 156 157 161 162
130 126 129 124 122 118 117 116 115 111 112 117 109 107 102 104 86 79 83 85 87 70 68 77 80 79 78 85 89 89 86 94 97 92 90 78 76 71 68 64 64 62 57 53 52 55 56 33 31 26 23 20 0 19 24 36 31 33 34 39 40 59 57 60 61 62 63 81 76 76 81 83 87 91 103 105 103 105 109 116 112 115 121 121 119 120 125 139 140 148 153 155 151 146 158 155 151 155 157 160
128 125 117 124 121 120 119 112 111 110 107 112 100 99 97 83 81 78 80 81 70 66 65 74 71 81 77 82 87 82 85 89 94 105 103 107 74 71 67 62 59 57 54 49 47 44 39 32 28 27 24 22 5 10 14 18 28 30 37 43 44 47 53 56 58 63 66 72 71 73 78 80 84 89 102 95 102 103 108 111 111 113 118 112 116 121 137 135 138 143 146 148 143 142 146 145 150 156 156 164
127 124 116 116 112 126 123 115 112 110 106 101 94 94 92 81 79 76 81 78 64 61 64 69 68 76 75 77 75 78 82 87 90 98 102 87 83 82 72 65 62 56 51 47 44 41 37 36 35 31 28 25 8 9 14 25 26 30 33 35 41 45 49 54 55 59 65 70 70 75 80 85 89 101 97 94 97 101 102 103 107 109 113 109 112 116 138 134 137 142 147 146 144 139 148 143 148 151 153 157
125 120 115 114 110 108 126 115 113 106 101 96 93 91 88 80 75 72 77 74 74 56 60 64 63 64 71 76 73 74 77 80 87 93 97 103 80 78 73 69 64 56 53 48 49 43 41 41 37 36 31 16 11 16 20 22 23 27 30 32 37 38 54 51 55 58 62 67 68 73 77 85 87 91 86 92 97 102 107 112 108 109 110 108 111 115 132 131 133 118 122 132 123 136 137 139 143 143 156 158
128 125 120 110 108 103 104 92 92 88 89 85 92 87 86 79 72 69 66 70 73 54 65 60 58 61 66 69 68 72 74 75 84 89 94 99 86 81 77 72 66 61 58 49 53 48 43 42 41 39 40 20 15 20 21 25 25 31 32 35 37 40 45 49 51 54 57 65 66 68 78 80 83 87 85 90 91 93 94 98 109 112 104 103 109 112 131 129 132 116 118 128 122 134 132 136 140 142 145 148
129 109 107 104 102 100 97 91 90 86 84 81 76 73 81 76 71 68 64 67 71 51 49 54 55 56 62 71 67 69 72 76 81 82 85 91 86 83 85 88 66 62 58 57 53 48 47 50 46 42 45 24 17 23 22 38 35 33 33 40 42 46 50 52 55 59 62 64 67 71 76 75 81 85 81 85 86 89 103 102 108 107 102 100 105 116 120 125 126 111 112 123 121 131 130 134 135 138 142 143
133 114 120 103 100 95 94 90 86 84 83 76 73 72 68 73 72 67 63 68 52 47 46 49 51 55 57 64 63 66 75 76 77 79 84 88 91 84 88 91 68 67 60 58 55 52 50 48 47 45 47 49 21 25 27 30 37 36 38 47 44 47 52 53 60 62 63 64 69 70 72 74 78 75 77 80 84 94 98 92 94 98 97 95 115 111 116 121 123 108 109 121 120 128 129 131 134 137 138 146
120 120 116 99 98 93 89 88 84 82 80 76 72 68 63 66 67 62 58 63 68 44 41 40 52 57 56 59 61 65 69 81 81 83 85 92 92 88 89 74 70 66 64 62 60 56 57 54 49 55 51 55 57 28 71 72 43 38 40 42 49 51 53 54 55 63 68 68 71 70 67 69 72 70 73 75 78 92 88 91 96 95 98 94 111 106 110 113 105 107 114 113 119 124 129 132 133 135 136 143
115 114 111 102 98 97 85 84 82 80 75 73 68 64 62 65 57 52 53 50 41 39 37 38 43 50 55 55 59 69 74 77 82 84 88 92 97 98 93 79 72 68 69 65 65 60 58 55 51 57 52 57 58 61 70 73 44 40 41 46 47 55 55 56 58 65 68 69 72 67 65 70 71 68 69 76 92 88 85 87 92 94 90 93 103 102 105 109 103 100 110 109 116 116 123 128 130 133 137 141
113 111 110 101 96 90 85 88 82 79 72 69 66 63 57 55 48 47 51 48 45 37 35 41 46 48 53 54 57 61 63 65 70 88 93 95 101 103 95 82 77 69 72 66 66 69 64 59 54 59 57 58 59 64 66 68 73 44 43 50 64 59 56 60 67 71 67 68 67 65 61 65 69 67 71 74 75 83 81 84 89 91 85 90 103 98 100 99 99 99 110 108 111 113 120 123 128 129 130 144
116 108 106 95 93 89 84 80 79 76 71 66 62 59 55 51 48 42 48 46 42 37 32 37 42 43 44 48 51 53 54 70 72 84 96 98 102 106 109 85 87 86 84 76 69 67 65 64 58 64 65 61 62 65 67 73 78 82 83 88 90 64 57 68 66 65 64 66 64 60 58 61 64 63 67 72 74 78 76 82 84 86 82 87 89 95 96 94 97 98 105 106 108 113 117 120 126 132 138 143
105 106 101 97 97 92 88 80 79 77 74 69 65 51 48 47 43 39 46 41 37 31 29 30 35 39 43 44 48 56 61 67 70 82 81 83 84 92 91 88 85 82 79 74 71 70 69 67 63 67 69 62 63 70 71 75 83 83 85 90 94 96 74 69 65 64 63 62 57 55 53 54 56 59 64 68 70 71 74 78 83 78 80 83 86 92 87 93 93 95 100 102 112 114 115 120 124 128 137 141
104 101 97 92 90 88 87 85 82 77 76 58 58 54 47 43 39 37 31 30 34 29 25 26 30 35 46 50 53 54 59 64 65 77 79 82 85 87 90 91 88 84 80 79 76 75 72 68 65 66 70 66 67 74 76 76 87 86 90 94 96 97 76 71 67 60 59 56 55 50 49 47 51 55 56 58 59 71 72 75 74 75 76 80 91 87 86 88 89 93 96 99 117 115 116 125 129 131 132 135
101 100 98 97 91 87 85 81 77 75 72 54 53 49 44 41 37 35 30 25 22 21 20 16 15 14 50 53 55 55 63 69 73 76 77 81 87 92 94 95 92 84 82 83 80 76 84 74 70 70 71 72 68 78 83 85 87 91 70 69 65 69 71 64 61 57 55 49 50 45 46 44 48 50 55 56 61 68 69 71 72 73 75 76 89 85 84 85 88 92 93 98 123 120 117 127 134 134 136 139
113 109 103 107 106 89 84 79 75 72 70 65 62 57 51 46 39 36 26 23 20 15 0 11 12 13 16 57 57 38 76 74 76 78 80 81 89 97 101 102 110 105 86 86 85 84 81 75 71 75 69 67 75 80 81 56 57 72 68 64 63 65 69 67 63 54 53 48 46 43 41 40 39 40 39 48 68 64 64 70 72 69 71 78 88 85 82 85 86 88 98 103 106 110 114 116 119 122 140 144
108 107 103 102 102 104 85 80 78 73 68 64 61 56 51 50 41 36 31 25 22 6 2 13 14 18 23 24 33 37 41 78 44 82 83 84 88 89 99 103 108 103 98 92 86 82 78 71 71 67 68 65 70 73 77 53 52 52 71 64 59 64 58 62 65 66 56 51 42 40 38 39 34 38 37 44 47 62 61 67 68 67 67 73 84 79 79 83 89 93 95 106 112 107 111 114 117 118 119 113
108 103 102 101 99 100 97 93 88 83 68 67 63 61 54 55 37 36 32 28 24 6 4 5 6 21 25 28 30 33 34 39 43 47 87 85 92 94 97 102 99 98 93 88 83 77 74 69 66 66 60 64 71 76 81 48 48 50 52 54 57 60 55 60 55 71 47 42 40 38 34 28 29 33 35 39 44 49 57 66 64 62 63 69 68 74 75 76 77 98 91 93 95 102 104 106 108 110 112 112
114 112 107 102 97 95 90 88 83 80 76 71 56 55 52 50 45 40 33 32 28 9 8 9 28 23 26 27 29 31 34 36 45 74 78 73 79 78 82 85 87 99 95 84 79 76 72 67 63 61 59 63 68 72 77 44 46 54 51 49 54 55 52 54 50 47 41 37 33 31 30 26 24 30 31 44 49 45 54 52 53 58 60 66 67 70 75 76 80 81 86 90 93 97 100 102 106 109 106 110
107 107 101 97 94 90 86 84 79 85 79 72 57 64 53 54 53 45 31 30 29 12 10 11 24 27 27 29 34 39 38 39 78 73 73 72 75 76 78 81 86 81 75 71 70 68 73 61 59 60 56 59 69 42 38 42 47 49 50 48 51 54 51 49 46 45 40 37 35 32 33 25 20 27 29 33 40 42 55 50 48 53 58 61 65 67 73 78 75 80 84 87 92 96 105 109 113 101 103 107
105 104 100 99 95 93 91 77 74 72 70 66 61 60 54 51 50 46 38 34 34 13 12 15 19 24 26 30 34 43 54 57 68 71 68 71 75 76 79 83 80 76 74 72 66 65 71 57 54 56 53 52 41 37 36 41 49 48 41 45 48 50 47 45 44 41 37 35 31 30 23 22 19 22 23 28 39 40 52 48 45 46 60 62 67 64 69 73 70 75 89 89 93 94 99 91 94 97 98 101
121 113 111 106 96 88 83 82 77 70 66 65 63 58 54 49 46 45 40 36 33 25 16 18 19 23 24 29 33 38 50 71 67 66 65 68 73 77 80 91 89 81 73 69 69 62 66 53 51 53 52 48 52 36 34 39 48 43 38 42 43 47 51 42 43 31 30 33 31 26 21 16 14 15 16 33 36 35 41 44 41 44 46 50 58 59 64 66 68 70 77 78 98 83 84 88 89 94 99 101
117 112 107 102 98 95 84 83 77 73 71 68 59 57 55 54 50 47 42 32 28 24 21 19 21 27 33 33 35 46 47 65 59 63 63 64 74 80 91 86 85 80 77 68 66 60 68 51 49 45 43 47 51 32 30 29 26 36 34 35 40 45 42 40 38 30 29 24 26 21 17 13 9 10 27 28 33 34 36 39 40 42 44 48 53 55 60 63 67 71 72 76 78 79 83 85 86 91 95 98
119 113 110 100 98 93 90 83 81 78 73 72 64 58 56 59 52 52 55 34 29 25 27 22 25 26 29 34 39 43 47 62 58 59 62 66 70 71 81 83 81 77 72 67 63 59 64 48 44 41 40 43 31 30 29 26 21 22 29 31 35 46 44 38 34 29 26 22 17 15 13 11 0 11 25 27 29 37 39 41 42 44 47 48 57 58 60 61 64 69 73 79 82 87 84 89 88 110 111 115
120 115 111 110 92 89 88 87 86 81 75 75 68 71 69 59 55 53 41 37 32 30 25 24 28 30 34 35 39 41 45 50 55 58 66 70 73 74 77 86 85 71 69 64 60 55 55 43 42 37 35 31 27 29 33 24 19 21 26 30 29 33 39 36 31 27 23 21 19 16 26 21 17 20 22 27 31 39 41 42 45 47 50 53 58 60 65 68 65 67 70 84 84 87 90 98 106 109 111 115
112 110 109 105 95 92 89 89 90 94 80 77 77 68 65 60 56 61 43 40 34 35 31 27 31 33 38 40 41 42 43 48 51 56 60 63 74 78 75 73 70 69 64 61 56 54 50 46 45 36 33 28 24 27 32 13 14 16 22 23 27 28 29 41 32 31 27 23 22 34 31 26 21 25 27 31 32 34 44 45 49 48 51 53 57 58 62 65 66 70 72 85 88 91 94 96 101 106 110 114
120 107 105 103 99 96 92 98 93 98 81 75 74 71 69 59 58 63 46 41 36 36 35 32 39 34 35 40 49 44 46 51 56 61 64 69 72 74 80 72 69 68 67 64 60 58 54 50 32 31 29 25 23 16 10 10 12 15 17 21 23 27 28 38 33 31 30 28 25 35 33 27 30 28 30 35 36 40 47 46 51 49 53 56 60 59 63 66 70 75 76 90 92 93 98 100 105 108 110 112
118 113 109 108 100 98 96 103 96 93 88 79 70 66 65 63 59 62 50 67 57 52 48 45 42 35 38 40 43 49 49 54 60 63 67 71 73 58 77 75 70 74 69 66 58 55 50 43 42 39 34 21 18 13 8 0 7 17 20 25 28 29 32 37 41 36 35 31 41 38 35 32 37 33 32 33 34 44 52 48 52 54 57 61 63 62 65 66 67 76 81 84 83 87 88 110 108 111 122 116
119 117 114 112 113 102 100 108 89 87 83 78 74 71 81 77 60 71 67 64 58 55 53 46 44 39 42 43 45 36 38 69 64 66 69 50 54 56 60 78 77 73 71 53 51 47 45 42 41 33 29 25 20 17 13 2 8 11 12 13 14 31 33 36 40 38 34 32 44 39 38 35 39 39 36 37 49 46 50 49 57 57 60 66 68 67 68 70 71 74 75 79 82 83 87 118 113 117 119 124
122 123 118 115 119 124 126 111 92 87 86 80 77 72 75 72 71 67 64 62 60 59 57 50 47 48 47 48 49 32 35 40 68 67 47 49 54 53 57 61 79 74 75 55 59 49 47 43 40 36 31 29 22 18 16 17 12 14 14 17 36 34 37 42 47 39 36 34 39 44 40 38 43 41 37 40 44 46 47 65 64 59 63 71 71 69 73 74 75 75 79 81 85 85 86 91 117 121 124 129
125 123 122 116 124 128 121 116 108 89 87 85 81 85 80 73 72 68 68 67 63 61 60 55 52 50 48 52 35 31 32 36 41 40 44 47 48 52 55 56 78 75 65 60 57 54 51 48 41 38 35 37 25 21 17 18 21 22 16 57 52 36 40 44 47 49 39 38 41 45 46 43 45 42 41 42 65 68 68 72 65 60 64 74 74 72 77 76 77 76 79 82 86 88 89 90 95 98 128 129
128 127 133 130 127 130 135 108 105 100 91 86 84 88 85 79 77 69 70 71 65 66 43 40 37 35 38 34 32 29 29 29 34 37 42 45 47 50 52 55 76 74 65 61 60 58 49 47 44 39 36 40 26 22 20 23 24 28 34 53 50 46 43 47 49 50 46 41 45 50 55 45 47 51 46 49 60 61 63 68 73 65 70 72 78 86 85 81 85 81 83 87 102 106 107 111 116 103 105 109
143 140 137 134 128 135 137 98 96 95 92 88 86 89 88 83 79 75 72 77 82 45 41 40 33 33 30 36 30 26 24 28 30 32 39 40 45 47 57 73 72 69 68 64 63 59 53 49 45 44 39 33 28 26 22 24 25 28 30 34 52 52 48 52 53 56 44 42 47 53 60 46 50 49 47 50 55 59 61 62 65 66 71 74 89 88 86 82 90 86 87 92 97 98 112 115 120 105 107 110
146 144 142 137 132 136 140 100 102 98 97 90 89 93 88 84 83 84 74 78 43 41 40 35 30 29 26 33 29 27 22 25 29 31 36 39 41 44 80 78 75 73 73 67 68 63 55 53 54 34 31 30 25 24 23 28 26 32 34 36 58 55 53 58 54 55 46 45 52 55 63 49 56 51 51 55 56 63 66 70 74 76 81 83 85 89 98 97 93 91 90 94 101 103 115 119 111 106 107 115
148 146 144 140 133 137 109 105 104 103 94 93 94 72 91 90 88 90 79 56 51 46 44 36 29 27 24 27 31 18 18 22 23 33 41 41 46 48 53 55 80 80 78 71 76 66 57 54 46 42 37 32 27 29 25 29 30 32 38 40 62 57 54 56 59 60 62 60 57 56 67 52 57 52 57 59 60 64 70 74 79 80 86 84 88 89 94 100 98 95 94 97 104 108 119 120 111 107 112 120
149 150 146 144 147 117 114 111 108 106 78 73 72 71 69 65 64 66 63 59 51 48 47 49 27 22 21 15 14 13 14 15 20 25 42 38 43 48 50 53 58 59 82 76 81 59 58 43 42 41 39 37 37 32 27 33 32 37 42 42 64 61 66 68 71 74 66 64 59 57 72 57 59 53 59 61 64 67 68 75 80 82 95 100 91 92 96 105 104 99 97 99 106 113 124 123 112 108 125 123
152 156 151 146 147 121 119 115 111 79 78 76 73 72 71 66 62 61 60 56 50 47 42 36 20 18 17 12 10 9 10 13 16 21 35 34 38 43 47 50 62 89 84 80 85 57 52 50 47 42 43 38 35 33 28 29 38 40 45 46 65 64 69 72 76 75 67 66 69 58 73 62 63 64 60 69 66 72 70 78 82 86 91 95 97 101 100 109 109 102 104 103 106 114 131 127 130 110 126 125
154 153 152 151 153 124 123 119 114 86 82 79 74 79 75 68 65 65 54 51 48 44 39 34 35 32 27 15 11 8 6 10 12 16 26 29 33 38 51 54 57 58 88 85 62 58 53 54 54 53 51 42 38 35 29 30 33 35 36 50 67 66 68 77 80 85 71 68 72 76 78 66 65 70 64 72 70 74 71 79 82 85 90 92 93 94 98 103 110 107 112 108 108 115 137 132 131 113 134 130
157 157 154 156 157 110 126 120 117 87 85 80 79 81 75 74 70 61 56 52 38 36 34 33 30 28 23 21 16 15 0 15 18 19 23 25 26 29 32 57 61 63 64 86 90 59 58 57 56 51 46 45 41 37 30 32 37 42 43 48 53 67 72 80 81 83 88 93 74 81 83 73 68 69 71 72 74 76 76 83 88 92 92 97 98 95 99 118 117 112 116 123 125 129 138 136 138 140 136 135
162 161 159 158 111 109 108 104 96 94 90 84 81 83 71 67 55 54 52 49 44 41 41 36 31 30 28 24 15 12 10 14 17 19 27 30 32 34 41 46 45 49 91 89 90 93 60 54 51 50 48 46 44 39 34 37 41 43 45 51 55 71 74 79 82 83 91 96 87 86 89 78 73 74 75 73 76 79 78 88 90 91 94 95 100 104 103 125 121 113 115 118 122 127 140 141 142 145 140 138
127 122 115 114 109 108 106 102 99 96 92 89 88 67 66 64 60 55 54 52 45 43 41 40 36 32 30 25 26 14 13 17 21 24 28 31 34 35 39 41 43 44 47 94 93 96 67 63 58 53 49 54 46 48 45 40 42 45 50 51 54 73 76 81 85 87 91 99 100 88 91 82 77 82 87 92 88 85 83 87 95 96 98 98 104 106 105 123 122 114 119 123 124 127 129 141 143 144 143 146
124 120 117 115 110 109 109 103 101 93 88 88 86 83 76 65 65 60 59 56 61 52 48 43 37 35 32 28 33 27 15 20 21 22 23 32 35 39 43 44 48 47 52 97 95 99 71 68 55 54 51 58 51 49 45 41 46 48 51 53 56 78 80 86 89 91 93 96 101 103 106 87 79 87 91 93 93 90 86 104 99 102 100 104 105 108 107 112 123 119 120 124 126 131 138 139 142 143 147 147
127 123 118 119 113 114 115 98 97 92 87 85 83 82 74 73 70 66 64 61 66 68 53 48 39 36 33 30 26 24 23 21 26 23 27 31 57 41 44 47 48 50 55 99 97 83 74 73 63 59 56 62 56 54 49 44 48 51 55 59 64 65 68 95 93 94 95 99 104 106 109 110 84 95 93 94 98 105 103 101 100 103 105 107 108 113 111 112 125 123 124 127 131 134 135 136 148 150 155 160
132 122 118 115 114 119 118 105 101 96 87 86 82 81 78 77 74 73 71 66 65 63 60 51 57 39 34 31 30 29 26 26 31 34 35 37 52 55 56 49 52 54 59 83 82 81 76 74 69 64 61 62 60 56 50 46 51 55 56 58 67 70 71 98 96 99 102 113 109 108 114 117 86 97 97 99 100 103 106 102 105 110 113 118 121 118 116 131 126 125 129 133 133 149 137 142 147 148 151 154
137 127 123 118 119 124 121 107 106 99 92 90 87 86 82 79 78 82 74 67 65 60 58 57 54 39 38 41 37 33 27 31 32 33 38 42 47 50 61 51 70 74 77 86 83 80 77 79 70 69 63 60 56 53 49 48 51 54 63 65 72 72 72 100 101 101 106 111 113 110 118 119 124 100 103 101 102 109 105 103 110 113 114 119 127 123 127 132 131 128 134 137 141 145 149 153 154 150 154 155
139 132 127 121 122 125 127 109 108 104 97 95 89 88 84 83 82 80 75 71 59 57 55 52 49 47 43 43 39 38 38 35 34 39 47 48 54 56 57 61 66 67 71 89 87 84 78 81 71 73 65 61 59 55 54 50 52 55 58 60 64 69 71 102 103 104 108 112 116 112 121 125 127 131 134 102 106 110 106 104 112 116 121 121 131 128 131 136 132 131 137 138 143 147 150 152 162 165 155 156
136 132 131 124 128 130 118 113 112 105 100 97 94 91 82 81 78 74 70 67 63 62 59 58 55 52 51 46 42 43 53 36 37 42 43 48 51 54 56 59 64 65 78 94 89 92 79 82 76 78 70 64 60 62 59 58 53 57 59 62 64 67 69 70 77 108 113 115 120 114 126 127 132 135 139 103 104 119 112 108 113 117 120 125 126 129 136 137 134 147 142 148 144 146 154 157 161 163 160 160
137 134 135 129 125 124 121 118 117 104 100 98 94 92 88 84 81 78 71 72 71 66 67 63 60 55 52 44 43 46 50 47 42 47 50 55 60 55 60 63 67 72 74 77 94 82 80 81 80 84 75 65 63 65 62 61 56 61 62 65 68 68 71 74 75 80 115 117 118 123 126 131 136 140 144 108 120 115 111 110 118 120 123 128 131 134 137 152 151 148 144 145 149 153 155 159 165 168 165 161
2 1
569
559
1 42
705 701 696 685 3967 3984 672 665 674 3656 3657 245 243 253 3191 2854 3389 3398 3400 1035 1021 469 471 473 2311 2299 2318 2320 2322 3774 3771 3767 3766 3759 3771 3774 3778 1792 1787 1786 1781 1766
2 3
7 6 7
7 6 7
16 1
55
56
61
66
1159
1143
1732
1723
1965
1508
1496
523
541
1651
1646
1935
32 11
157 162 160 158 4966 4961 4956 4957 4961 4962 4963
153 157 157 156 4958 4956 4951 4953 4958 4960 4960
150 153 154 155 4930 4948 4947 4944 4949 4950 4955
149 148 153 158 4926 4927 4942 4941 4944 4948 4950
163 145 165 4926 4924 4923 4922 4939 4943 4944 4945
167 158 166 169 4925 4926 4929 4944 4948 4951 685
170 172 167 4932 4930 4928 4950 4947 4951 689 673
174 179 181 1890 1890 1885 4952 4951 1878 683 678
176 180 1892 1887 1885 1883 1879 1875 1873 1864 680
2544 2533 2532 2527 2531 1879 1877 1874 1871 1863 1883
2540 2535 2529 2526 2526 2530 1878 1878 1873 1875 1887
2535 2531 2529 2525 2523 2527 2531 2536 1881 1876 1889
2528 2526 2523 2522 2521 2525 2533 2538 1880 1878 4910
2534 2529 2524 2516 2516 2514 2508 1886 1885 4914 4909
2539 2523 2520 2515 2511 2503 2507 2510 4911 4906 4893
779 2525 2522 2520 2514 2514 2512 2513 2517 4909 4901
759 764 2524 2525 2519 2516 2517 2520 2521 4911 4902
771 773 774 775 2522 2519 2518 2524 2528 2533 2536
775 776 777 780 2525 2522 2525 2528 2531 2532 2479
779 780 782 3943 3938 3939 3943 2466 2466 2472 2474
1403 1398 1396 3931 3936 3937 3940 2465 2464 2468 2472
1395 1394 1391 3930 3924 3933 2456 2456 2462 2464 2672
1727 1391 1387 1380 3943 2455 2436 2454 2457 2462 2670
1722 2913 2910 1391 3948 2447 2445 2448 4806 4808 2667
1717 2909 2896 2902 2906 2910 4760 4765 4805 4810 2662
1716 1722 2696 2703 2907 4762 4758 4747 4802 3300 2659
1725 1727 2697 2707 4770 4766 4761 4798 4782 3299 2657
1726 1730 1735 4777 4774 4770 4722 4720 4717 3313 2666
1737 1733 1735 1739 4188 4774 4727 2421 4716 4717 4719
1741 1737 1740 4190 4185 4187 2417 2401 2973 2976 2979
1744 1742 4186 4185 4183 4187 4167 2402 2989 2497 2515
1747 1745 1747 4184 4182 4179 4174 2407 2993 2502 2519
53 1
1817
1835
3460
3457
3448
3468
3473
3475
3477
4474
4469
4465
4463
4462
4457
4452
4455
4459
727
707
717
3449
3466
3469
3471
3476
3568
3564
3559
3554
3553
3552
3550
3546
3538
3552
3554
3559
3561
3675
3657
979
970
978
983
1548
1539
1555
1884
1903
1908
1911
1914
10 8
682 675 685 2289 2284 2289 2294 2297
683 678 679 2270 2283 2285 2287 2290
683 679 2272 2269 2263 2281 2282 2289
4414 4411 2279 2274 2272 2277 2282 2286
4413 4407 4421 2278 2275 2278 2283 2290
4417 4422 1108 1111 2276 2279 2284 2294
1101 1089 1105 1106 1110 1112 1114 2298
1096 1095 1099 1107 1108 1110 1111 2303
1102 1100 1100 1112 1113 1113 1114 1117
1105 1104 1107 1116 1118 1117 1115 1119
2 26
1375 1510 800 4941 4940 4939 4941 4946 4950 2169 2166 2164 2160 2156 2137 2138 1964 1950 1968 1977 1981 3761 3749 3622 3605 3141
1362 1494 799 816 4933 4927 4935 4948 4953 2172 2170 2165 160 156 152 155 1968 1967 1970 1975 3762 3757 3756 4776 3611 3160
21 11
2899 2894 2892 2888 2885 2882 2880 2879 2880 2875 2882
2500 2887 2886 2883 2882 2878 2880 2877 2874 2872 2878
2496 2490 2891 2886 2881 2877 2877 2875 2869 2871 2874
2491 2488 2483 2487 2878 2874 2872 2870 2868 2867 2869
2486 2485 2482 2484 2481 2877 2875 2871 2865 2862 2867
2489 2484 2480 2478 2476 2865 2861 2866 2861 2860 2859
2485 2482 2477 2472 2475 2479 2859 2857 2862 2858 2854
2479 2475 2472 2470 2474 2478 2858 2854 2852 2853 2840
2475 2471 2468 2467 2462 2458 2856 2851 2848 2844 2841
2477 2472 2468 2464 2459 2454 2455 2855 2852 2849 2844
4905 2465 2461 2457 2454 2452 2451 2450 2443 2444 2847
4900 4895 4894 2462 2459 2454 2450 2449 2429 2432 2433
4884 4890 4892 2614 2612 2607 2610 2434 2430 2432 2434
4882 4886 4886 2606 2607 2603 2605 2609 2434 2434 2437
4879 4882 4885 2604 2604 2599 2610 2613 2437 2435 2442
4875 4876 2603 2599 2596 2594 2605 2608 2440 2441 2443
4870 4874 4878 2597 2595 2593 2604 2605 2606 2610 2446
4866 4881 4884 2595 2594 2589 2601 2604 2611 2456 2451
4873 4878 4884 2604 2599 2596 2605 2607 2620 2459 2455
4875 4879 4882 2606 2602 2603 2610 2614 2616 2621 2457
4880 4882 4884 2610 2606 2605 2614 2616 2621 2622 2627
9 4
4975 4972 4966 2790
4974 4958 4963 2788
4031 4961 2789 2769
4013 4020 1875 1869
387 398 1870 1852
405 2738 2733 1854
4078 427 410 412
4059 2457 427 747
2469 2456 731 730
23 1
618
632
2720
1636
1638
2726
1474
1465
1477
1190
1177
1191
339
356
361
4532
4521
3578
2550
2557
1268
1251
1269
100 100
26 22 22 17 12 8 11 16 17 22 26 28 31 40 38 42 35 30 26 25 28 33 29 31 29 31 31 35 38 76 79 83 86 97 97 80 80 73 69 65 63 58 53 58 58 53 54 57 60 65 61 79 75 73 71 74 79 80 84 77 82 81 84 87 89 93 97 99 104 116 136 136 129 131 132 125 130 129 136 138 141 146 149 151 149 151 156 161 164 138 139 143 137 136 134 130 122 127 127 120
22 20 17 14 7 6 10 11 16 17 28 32 45 42 37 42 31 27 27 23 27 32 25 22 24 26 29 34 36 73 77 86 90 94 95 78 75 75 70 62 60 57 49 53 54 51 49 52 55 59 56 77 73 68 66 69 70 77 80 74 79 77 77 80 87 90 96 97 101 111 135 132 128 124 128 122 128 128 132 135 137 142 139 145 148 153 154 156 159 136 139 140 142 131 128 126 121 122 123 115
17 16 14 1 2 4 9 14 19 22 24 27 39 37 33 37 24 22 23 21 23 26 20 18 22 21 22 30 35 72 73 83 84 91 94 98 73 72 66 67 56 55 47 45 41 43 44 47 49 59 54 49 56 57 61 67 70 73 74 69 71 73 75 78 83 88 91 92 96 109 112 129 125 121 123 121 124 126 131 137 142 137 138 141 142 148 150 155 157 131 134 139 140 128 129 121 117 117 119 114
22 12 7 3 3 7 11 18 22 27 25 30 37 36 32 24 22 21 17 16 11 20 15 15 18 20 24 25 26 70 80 79 81 86 89 93 42 68 63 62 52 51 46 44 40 39 41 45 47 51 52 48 51 56 60 64 67 70 69 67 70 68 72 80 85 93 98 94 103 108 131 127 120 117 120 116 119 121 126 130 137 132 135 140 147 145 148 151 152 127 129 134 135 127 131 116 114 112 116 113
26 30 9 8 12 9 10 19 23 26 30 41 38 31 28 25 26 23 18 14 9 7 10 13 16 19 24 28 61 65 78 75 79 83 83 43 39 43 63 58 57 52 51 48 36 34 36 47 51 54 55 45 46 49 56 60 70 67 66 64 65 66 71 74 79 84 85 89 101 106 127 122 117 115 111 114 116 116 117 133 130 129 131 136 141 144 147 149 117 123 124 127 125 124 125 118 113 107 108 111
27 31 15 13 14 12 14 24 29 30 35 46 31 28 26 24 22 20 18 13 8 3 7 12 17 22 26 60 58 61 70 70 73 75 78 41 37 33 36 43 39 38 34 32 31 29 32 49 52 53 58 41 44 51 52 53 57 57 61 63 64 65 68 69 78 82 90 94 96 101 103 98 113 110 107 109 112 113 116 117 130 127 130 135 137 142 146 148 115 118 122 115 117 123 132 134 110 106 111 110
31 32 17 15 18 22 24 27 32 35 37 36 35 31 33 29 26 13 8 6 5 1 2 7 34 37 28 62 57 61 65 67 70 74 77 40 35 31 32 37 42 41 30 29 28 24 29 53 55 56 36 38 46 47 49 55 54 56 57 59 64 66 68 73 76 80 85 90 101 101 95 94 106 108 106 101 102 108 112 114 126 124 127 131 135 138 141 115 114 116 117 113 115 121 127 129 130 101 105 107
34 23 22 20 21 23 24 31 34 37 40 43 38 33 28 25 20 15 14 9 10 18 23 28 30 31 33 57 55 56 57 60 73 79 83 32 30 26 27 32 32 35 32 28 25 23 28 32 33 37 35 37 41 43 45 50 51 54 56 57 62 67 71 74 77 85 88 113 117 97 91 91 105 109 104 99 101 103 108 113 116 119 121 123 136 143 144 111 112 117 108 109 114 118 122 127 87 96 103 105
37 33 28 24 29 25 27 28 38 38 40 37 33 28 26 24 22 17 17 11 11 20 24 25 29 42 42 52 54 58 61 66 37 84 33 31 28 24 23 27 31 32 35 27 23 19 24 29 27 32 34 32 37 38 43 52 54 59 58 60 64 71 74 76 79 101 105 109 113 93 89 87 100 96 100 96 97 102 104 109 113 115 117 124 100 88 110 107 107 99 106 108 112 117 120 125 86 91 99 103
41 32 31 29 30 32 30 32 33 36 39 62 59 44 43 38 35 30 26 24 23 22 29 30 33 37 38 48 53 57 62 35 33 32 32 29 24 21 20 25 26 30 23 22 20 16 24 24 24 27 29 28 32 41 46 49 58 59 60 91 89 90 91 100 99 99 101 106 108 94 90 86 96 94 89 92 93 93 109 107 112 115 118 120 95 86 107 103 102 98 102 104 109 95 100 85 81 86 96 90
41 37 35 34 31 33 32 34 38 38 60 58 56 51 46 38 34 32 28 25 25 27 30 32 35 40 42 46 51 56 58 39 36 31 30 25 22 18 17 22 22 24 20 16 18 1 19 20 21 22 25 27 30 35 38 52 62 62 80 86 87 88 94 95 95 96 101 103 93 91 87 83 78 91 86 87 91 91 99 104 108 110 92 93 94 85 85 86 95 94 99 107 96 93 92 80 79 81 93 86
40 38 38 36 35 37 38 38 39 66 65 61 51 48 46 42 38 36 32 31 29 32 32 45 40 44 43 48 51 60 37 35 31 29 27 25 17 14 12 17 18 23 17 15 12 10 21 25 28 23 30 32 36 37 66 71 75 73 78 82 84 87 89 90 93 97 103 108 89 88 84 81 76 76 81 82 87 90 95 99 103 85 88 94 87 84 82 84 85 90 91 112 95 90 89 93 74 76 88 83
44 39 42 40 37 40 42 40 41 72 70 59 54 53 48 45 43 34 33 32 31 34 36 45 43 47 48 53 56 61 52 30 29 26 25 24 16 10 9 13 15 17 19 18 13 14 25 29 32 34 35 40 56 57 61 66 71 72 77 80 87 89 92 93 94 104 106 65 62 59 86 75 74 75 77 81 83 78 79 81 82 83 84 89 93 83 80 78 83 88 91 82 78 89 85 87 70 84 83 79
45 42 44 44 44 42 45 43 47 76 74 61 58 57 46 44 40 35 38 38 36 38 43 44 45 50 53 55 57 54 51 47 30 27 23 19 15 9 5 10 11 33 21 19 16 15 29 33 35 39 43 48 51 53 57 58 75 77 79 81 86 92 90 94 98 99 104 62 60 56 73 72 71 70 72 76 79 74 75 77 79 82 85 88 93 82 77 74 79 84 84 80 76 87 83 84 69 61 74 74
47 43 46 48 46 46 52 47 88 82 79 67 62 60 53 49 44 40 39 40 37 39 42 43 56 54 60 55 52 50 47 43 48 20 19 17 12 11 1 19 23 28 33 21 17 16 33 38 43 40 44 51 55 58 62 66 67 70 72 76 77 95 87 91 72 68 70 74 53 52 49 54 73 69 68 60 68 72 76 77 77 78 82 85 81 78 81 73 74 77 79 74 73 70 81 72 67 59 71 69
59 54 51 56 51 91 87 84 83 78 74 70 66 63 57 53 49 50 40 44 41 42 44 46 50 55 63 59 54 48 46 41 29 28 24 22 10 7 4 6 28 29 33 34 19 21 37 41 46 44 48 51 58 65 64 65 69 75 77 81 94 90 83 91 69 64 66 72 54 51 48 52 67 66 63 58 64 69 70 73 75 77 78 81 82 75 78 71 72 79 75 73 70 69 77 78 63 58 70 68
60 57 54 59 96 93 90 88 87 83 75 73 68 64 69 54 53 55 45 49 46 43 44 45 49 72 68 61 50 49 40 38 37 32 27 25 14 10 8 9 12 14 16 18 23 45 41 42 50 47 52 56 75 72 68 69 71 77 80 86 88 86 81 86 63 62 67 69 51 50 47 48 52 71 59 57 61 66 67 68 71 74 80 86 73 72 71 70 75 77 73 72 70 68 73 59 57 55 69 64
68 64 59 62 98 94 92 90 88 84 77 73 68 67 63 58 54 59 52 51 48 45 50 52 77 76 73 66 48 45 41 37 35 33 28 33 35 15 13 10 11 13 27 27 31 48 44 46 51 56 57 60 63 73 73 77 76 81 83 82 79 81 77 78 65 59 64 51 49 46 45 44 48 55 58 55 56 70 72 76 64 76 84 89 72 69 66 69 74 73 71 69 66 64 69 72 56 51 59 59
73 66 61 65 97 96 95 92 93 87 78 73 72 69 65 61 56 58 56 53 50 49 54 57 60 81 78 53 51 46 41 40 37 36 31 35 37 16 16 11 15 18 23 26 27 48 47 57 56 60 61 63 66 76 78 80 80 86 89 80 77 72 73 74 62 57 55 57 53 52 42 39 42 53 51 51 52 53 57 61 59 63 73 74 69 68 65 64 67 72 69 63 62 61 64 67 55 50 55 58
78 67 66 69 102 97 98 96 96 79 75 79 75 66 62 61 60 63 54 59 55 50 58 61 64 85 87 58 54 47 45 44 42 38 35 37 38 43 17 16 20 23 25 32 31 65 64 59 58 60 66 65 69 73 74 75 77 91 96 74 71 69 68 62 60 55 53 55 52 50 53 37 36 55 50 48 50 53 55 60 57 63 69 73 75 71 66 61 72 69 68 65 59 56 58 62 51 49 52 54
83 68 70 71 103 100 105 78 76 74 73 72 68 64 61 62 64 52 51 58 59 51 63 64 68 87 90 84 55 50 48 47 45 41 40 41 39 40 21 18 22 24 28 31 32 67 66 62 59 63 73 68 70 76 79 79 81 84 74 72 70 66 63 60 57 53 51 53 48 45 50 35 31 48 45 46 47 50 52 53 56 61 66 75 70 63 64 58 57 66 63 60 59 54 47 41 49 47 51 46
81 78 108 107 105 80 85 81 79 78 75 67 65 62 58 53 50 53 49 53 57 63 64 69 73 75 76 79 58 53 51 49 50 43 42 43 42 28 27 23 27 30 30 34 37 46 46 64 60 63 68 70 75 77 80 83 85 89 72 67 65 61 57 56 54 51 50 48 43 40 30 32 27 32 41 42 52 54 54 56 58 63 68 69 66 60 59 55 54 49 50 63 51 49 44 39 49 44 39 43
75 76 84 80 79 78 80 83 66 62 58 56 59 58 54 50 47 48 46 51 62 58 59 73 77 80 77 63 59 56 52 50 55 46 52 48 33 32 31 28 30 32 36 38 41 44 45 46 62 66 69 72 79 78 84 77 81 63 61 69 67 64 62 58 54 50 47 43 39 37 29 27 24 30 36 39 42 43 56 50 51 54 59 67 64 69 60 53 50 46 47 45 57 54 40 37 40 42 38 41
74 71 73 82 77 74 69 64 56 57 54 52 65 62 48 47 46 42 43 40 48 55 58 59 65 70 68 66 63 58 56 68 63 59 56 51 53 33 33 30 34 34 39 40 44 49 51 54 74 71 70 73 77 80 81 76 75 59 56 68 66 65 64 60 57 51 41 38 35 33 29 26 22 27 32 36 46 42 52 47 49 50 55 62 63 68 55 56 48 43 41 43 45 25 37 36 38 37 35 38
73 70 71 74 74 72 67 63 55 55 52 50 49 52 48 45 42 39 42 38 45 51 54 56 62 66 74 70 67 60 62 68 66 61 56 55 56 40 38 39 39 37 41 42 58 53 57 60 63 75 72 76 79 81 75 74 71 56 55 51 49 70 47 46 44 40 46 42 37 32 29 20 17 18 28 32 35 40 44 43 46 49 53 57 61 50 50 49 46 41 38 39 34 21 22 34 34 34 34 39
74 69 73 71 68 68 65 60 54 52 47 49 46 40 51 48 43 38 37 37 44 47 48 49 61 63 69 67 71 65 72 74 61 60 59 56 61 43 41 46 44 39 45 48 56 54 55 63 67 81 76 77 82 76 72 71 68 63 53 50 47 46 45 41 40 39 37 33 32 28 25 20 1 21 26 31 32 35 39 41 46 48 55 62 51 48 46 45 42 38 36 32 32 16 22 30 29 30 32 34
69 65 62 70 65 64 59 57 56 51 46 47 41 39 43 35 32 30 35 36 40 45 50 57 58 62 65 66 67 73 71 70 66 71 61 52 47 44 42 46 49 44 49 54 55 55 59 60 69 78 80 82 84 79 67 66 63 58 55 52 48 51 46 42 45 43 39 37 32 30 28 22 19 22 31 36 41 46 41 45 51 52 54 51 48 52 48 39 37 29 33 27 29 15 20 23 28 33 36 39
63 62 60 61 55 69 44 54 49 46 44 38 42 38 40 29 30 29 32 35 36 50 54 56 61 64 65 77 79 75 70 66 64 66 67 53 52 48 47 56 51 56 53 55 57 61 63 66 69 74 77 85 84 81 74 71 68 63 57 55 52 48 47 50 44 41 39 38 36 32 31 25 21 25 30 39 44 48 53 55 57 68 52 50 47 38 32 31 32 27 28 24 23 13 17 20 25 30 33 33
64 59 58 62 52 49 43 47 45 41 39 36 35 33 38 26 25 24 25 28 32 36 37 41 69 66 70 73 65 72 67 63 61 65 70 70 53 81 85 86 56 63 58 56 62 64 65 70 75 79 81 84 62 59 64 52 44 68 59 58 57 56 52 57 50 46 43 41 37 41 36 30 25 29 45 44 46 51 57 59 60 65 69 47 44 35 33 30 26 23 24 20 22 10 16 17 22 24 26 29
61 58 55 52 47 44 42 41 48 43 35 34 32 28 26 23 24 23 24 28 32 36 38 39 73 71 73 64 62 54 51 61 59 63 65 66 68 78 82 87 89 85 73 68 66 71 75 83 81 83 84 62 60 56 60 47 43 43 43 39 61 60 56 60 55 54 51 48 44 43 37 31 29 30 51 47 50 53 59 60 63 66 69 42 41 40 32 26 24 20 19 0 2 6 11 12 15 28 27 28
61 55 52 51 49 45 43 38 36 38 34 29 27 23 23 21 16 21 30 31 34 32 39 42 77 72 62 59 58 51 49 51 54 59 70 71 67 73 75 77 81 83 78 76 71 75 80 80 76 81 82 58 53 52 49 45 42 41 46 36 37 65 61 65 60 57 53 46 45 48 38 37 32 62 57 52 56 58 62 65 68 68 71 40 37 35 31 30 26 22 17 15 4 7 13 16 16 29 28 32
59 55 53 51 48 45 41 37 34 35 30 24 24 21 21 16 15 16 25 26 31 31 33 43 46 46 60 56 53 49 45 46 50 55 72 70 65 70 71 70 83 82 86 80 76 78 83 79 75 78 79 61 53 50 48 44 37 39 30 35 38 34 37 63 57 53 52 50 48 52 39 38 37 42 59 56 61 64 68 66 71 69 76 41 40 37 34 33 27 23 18 16 5 8 10 15 18 22 31 36
60 59 57 54 53 42 41 34 32 30 25 20 19 18 18 19 14 14 20 25 26 28 30 39 42 43 59 54 49 47 44 49 39 46 46 63 60 63 65 66 79 78 82 85 78 82 77 74 70 73 71 50 49 48 44 40 36 35 29 33 37 30 34 62 57 56 53 52 49 54 41 40 39 43 73 68 65 66 69 68 77 72 74 45 43 40 37 35 29 27 23 7 6 12 11 18 22 27 29 32
65 52 50 48 47 43 40 38 35 31 29 24 19 17 13 11 10 9 1 5 25 26 31 36 37 39 43 54 51 43 39 35 37 44 45 64 59 63 62 72 75 77 80 81 84 88 75 70 65 70 67 68 51 50 45 43 37 33 28 32 32 29 33 81 79 80 56 51 50 66 47 42 41 43 73 70 67 67 72 69 74 77 59 59 55 52 46 47 46 29 24 9 11 16 17 22 26 29 34 34
64 61 59 57 55 52 45 40 37 33 31 26 24 24 20 16 11 13 13 18 23 25 29 39 41 41 61 56 33 40 35 31 35 40 43 54 58 60 61 69 72 74 79 80 85 74 71 67 63 65 66 67 46 45 42 40 37 32 27 21 25 28 80 76 77 79 73 68 66 64 61 58 61 64 76 71 69 69 75 73 77 61 58 56 52 47 45 39 42 46 13 11 16 17 19 27 30 30 58 65
68 66 58 57 53 48 46 44 40 37 33 29 27 22 21 21 17 15 15 19 25 30 33 37 44 49 47 43 28 36 32 29 32 43 48 51 55 58 63 64 68 69 80 79 81 70 69 66 61 62 64 47 44 41 38 39 31 30 26 18 23 25 76 73 72 74 70 67 61 63 55 55 56 60 63 49 72 47 50 45 48 48 44 57 49 45 43 38 38 44 47 16 18 19 61 66 43 52 57 60
70 70 65 60 56 50 60 56 51 37 35 31 28 27 23 27 20 18 21 22 26 30 33 47 48 45 42 42 27 32 29 26 29 30 47 44 42 42 53 60 62 69 72 75 79 66 60 58 56 57 53 43 41 39 36 37 30 26 21 17 18 27 72 71 67 69 66 63 60 55 52 53 57 62 41 44 45 44 45 43 47 40 39 44 41 39 37 36 37 41 45 48 51 54 58 41 42 47 52 57
69 68 66 63 60 59 65 55 50 44 39 35 31 31 28 26 23 20 21 26 30 38 41 46 49 39 37 38 24 23 28 24 26 31 42 39 38 39 52 58 59 66 69 74 76 63 58 59 54 55 51 45 50 38 35 31 26 28 23 16 21 26 26 70 66 65 62 59 55 50 47 45 47 35 37 39 42 42 40 38 39 39 38 36 36 32 30 32 37 38 43 43 52 58 39 38 37 42 46 45
76 71 68 65 61 56 52 49 48 44 42 39 35 33 31 27 27 22 22 26 30 34 37 42 46 37 32 29 23 21 23 21 21 43 39 34 37 42 50 54 59 62 63 64 65 58 54 56 53 50 47 42 45 36 34 29 24 21 18 13 16 24 23 25 69 70 66 59 57 45 43 42 45 34 33 34 37 40 36 35 40 45 37 34 32 28 29 31 34 36 41 42 45 60 44 39 35 40 39 43
69 68 65 64 63 58 53 52 51 50 46 43 38 36 33 33 30 27 26 30 32 35 42 46 43 29 28 24 22 19 20 18 17 25 29 33 38 42 46 50 51 58 60 64 60 57 53 55 52 49 44 39 34 27 32 27 22 19 12 9 11 16 21 24 30 31 69 42 59 47 41 39 29 35 31 33 35 36 39 34 29 29 24 20 20 25 29 35 36 38 40 41 46 48 39 34 31 33 36 39
84 81 74 71 66 74 69 53 55 54 50 50 42 38 36 41 36 31 31 31 37 40 48 43 38 31 26 22 20 17 7 14 15 20 25 29 34 41 46 53 49 53 61 69 59 54 49 44 42 40 39 34 29 25 27 20 18 17 13 8 12 11 19 22 25 26 44 41 43 37 35 34 28 28 30 37 38 37 33 31 26 22 20 18 16 20 21 22 38 39 42 26 22 24 35 31 28 31 33 37
79 78 77 74 73 71 66 65 60 56 50 49 48 43 44 42 39 36 36 38 41 54 49 36 35 31 30 27 6 0 6 9 11 22 24 30 43 39 40 44 45 48 56 60 56 54 52 46 46 43 41 29 26 23 22 17 16 14 12 5 18 9 14 18 20 25 42 39 35 34 31 30 25 27 29 32 36 32 28 27 24 24 22 13 12 15 18 20 20 27 23 21 21 23 19 29 25 28 26 30
106 104 99 76 77 75 68 66 64 58 59 64 52 47 48 49 44 39 38 39 56 51 46 42 37 35 31 32 17 13 10 13 14 23 28 31 30 34 38 43 48 53 55 60 64 55 57 48 46 44 44 31 28 24 23 17 15 11 7 4 16 8 12 14 17 21 37 36 34 29 27 25 20 22 33 36 41 45 33 26 21 20 19 14 11 12 17 18 19 22 31 20 19 18 18 22 21 23 24 27
103 102 96 101 86 77 76 74 69 63 62 59 51 48 52 50 52 47 42 60 57 50 47 44 41 42 33 22 19 18 20 16 19 21 23 25 26 31 36 37 53 58 59 63 66 59 52 48 47 44 46 32 33 26 34 11 8 7 5 2 1 5 6 10 19 38 36 31 30 33 6 17 16 18 39 38 45 50 27 23 20 16 15 13 0 19 21 20 25 31 27 22 18 16 14 19 17 22 30 35
102 97 95 95 85 80 77 77 74 67 61 57 56 52 55 78 73 68 67 65 61 53 47 46 41 37 35 28 25 20 21 17 22 26 24 29 27 34 37 39 56 57 60 68 69 56 55 53 48 43 41 39 38 34 33 22 19 15 10 11 7 12 17 18 22 27 39 31 26 8 1 12 14 18 19 42 49 48 34 23 19 14 10 8 7 9 13 14 19 35 31 18 16 12 10 12 16 26 29 33
107 97 94 92 90 89 84 79 79 68 63 60 61 57 62 75 70 67 65 62 54 49 45 41 37 35 32 27 26 24 29 19 21 29 28 30 42 47 49 52 60 59 80 84 87 84 57 44 43 42 38 36 35 31 30 28 18 17 12 9 8 17 20 74 24 37 34 29 25 22 21 23 27 31 33 37 42 47 29 26 22 19 15 11 8 12 16 19 23 40 32 33 20 4 1 3 27 25 26 31
103 98 95 96 91 93 89 82 82 70 67 62 62 61 69 68 65 64 63 60 58 54 50 46 39 36 34 28 30 28 33 20 24 35 33 36 39 42 43 69 65 70 75 80 82 83 54 51 46 44 42 45 32 29 28 27 25 20 17 17 12 20 22 69 73 36 35 31 28 26 26 28 28 29 32 34 37 43 39 27 23 24 21 16 19 21 21 23 27 41 36 8 7 5 2 7 9 20 21 30
105 100 99 95 93 92 87 83 80 75 72 74 67 63 74 70 74 73 68 65 62 54 52 48 44 48 39 37 34 31 34 22 27 41 37 38 40 43 48 72 70 73 80 84 87 89 57 55 49 46 42 41 37 34 30 32 27 23 50 48 16 55 57 66 71 42 41 36 33 30 27 29 30 33 34 39 42 41 37 32 28 23 21 18 20 38 44 28 37 33 39 13 12 6 6 11 14 17 21 25
106 103 102 97 96 91 90 86 83 78 73 77 97 96 94 82 79 78 73 68 65 66 54 49 45 51 40 37 35 34 35 25 30 44 41 42 42 47 51 53 57 75 94 89 91 93 56 52 49 47 43 42 39 37 32 34 61 56 51 47 50 54 56 62 64 44 42 41 38 34 32 32 31 38 36 42 46 42 38 37 29 27 22 21 26 37 40 34 32 31 36 23 20 15 11 15 15 22 22 26
106 104 101 99 94 93 91 89 85 78 76 80 95 91 89 87 83 81 77 82 64 63 59 55 50 49 44 40 39 36 40 42 35 51 48 44 47 51 56 59 61 100 96 91 93 94 58 54 85 81 76 75 45 40 35 57 55 57 46 44 49 51 56 60 63 41 43 45 39 39 44 36 34 35 38 52 49 44 41 38 43 30 27 24 27 32 35 32 30 28 32 28 22 15 14 16 19 27 32 27
109 106 110 106 101 96 94 92 87 83 79 96 94 93 93 89 87 81 79 66 65 62 59 56 53 50 48 44 40 37 42 46 49 51 50 46 50 56 58 60 63 102 99 96 100 95 59 58 74 72 71 70 67 64 60 56 52 46 44 40 32 26 58 31 42 39 44 49 45 44 46 51 38 37 38 56 50 47 45 39 43 33 31 28 32 37 32 31 27 23 20 26 21 20 19 21 22 29 31 35
110 108 114 110 105 101 96 95 93 88 84 99 96 97 94 75 70 84 83 71 67 66 61 60 58 55 50 45 44 48 47 51 48 46 50 48 60 58 60 65 67 106 103 101 105 108 62 89 84 79 78 74 61 59 54 48 49 41 39 35 30 25 29 26 39 34 36 38 30 37 42 42 45 40 55 59 54 50 54 41 44 39 34 32 30 27 22 20 23 21 16 21 20 24 22 26 23 34 38 40
94 102 101 100 110 103 100 100 96 91 99 94 89 88 85 70 68 69 65 61 61 61 56 50 46 43 54 39 38 37 48 51 44 43 47 53 65 62 62 70 60 62 104 102 106 107 100 93 91 86 82 77 54 53 51 46 45 43 42 36 27 23 24 25 30 33 32 24 29 34 39 41 45 47 51 57 55 51 54 46 38 34 32 26 28 25 20 16 18 15 1 13 15 20 25 28 40 38 42 46
90 89 104 99 100 107 102 102 96 94 91 90 88 83 80 70 65 64 64 60 59 57 54 49 48 41 39 37 34 36 41 42 43 38 41 42 66 67 74 77 56 58 62 107 108 96 95 94 92 87 83 81 55 54 55 50 48 44 46 28 26 22 21 20 25 30 31 22 25 29 34 38 39 39 46 60 59 63 51 47 42 32 29 25 23 20 16 14 13 12 7 9 14 15 17 22 42 40 45 49
87 86 101 96 95 103 99 98 95 93 90 87 86 78 77 73 66 62 66 66 63 49 48 45 44 40 35 30 29 33 38 40 38 34 37 40 67 68 69 47 54 59 62 59 105 102 97 96 94 89 90 84 57 47 42 54 51 49 34 30 27 23 21 17 12 7 16 19 24 29 34 36 37 38 41 42 62 55 58 55 46 44 31 29 28 24 20 19 16 12 11 15 16 17 21 23 39 45 49 51
85 83 97 93 92 90 92 103 100 95 92 85 83 78 73 69 64 57 62 63 59 52 51 38 33 30 30 27 24 27 23 30 32 30 34 40 44 70 41 44 52 54 57 58 63 107 98 97 95 94 62 59 56 42 38 37 32 30 29 27 23 20 16 14 1 6 11 16 19 22 32 36 36 37 42 44 50 53 48 50 45 41 38 35 31 32 28 23 24 18 14 15 19 18 24 32 37 42 43 55
81 79 78 94 93 89 88 93 100 99 90 86 87 81 68 64 59 56 61 59 54 53 38 33 28 27 25 25 21 18 19 26 28 28 33 35 37 39 38 42 48 52 57 60 62 84 83 75 73 98 58 54 52 48 47 43 40 35 31 30 25 25 22 17 21 8 16 18 20 22 27 30 35 37 38 49 46 51 46 48 46 46 41 39 33 36 29 24 20 17 16 18 33 23 24 27 32 43 45 48
79 72 74 76 75 91 86 75 77 94 90 89 90 68 63 65 54 51 56 62 58 50 51 45 27 25 23 20 17 16 17 21 24 25 28 30 34 36 37 41 43 47 59 65 82 81 78 74 69 55 53 52 49 53 46 43 45 37 36 31 28 28 26 18 24 27 28 22 27 27 30 32 40 42 46 48 45 45 42 44 47 48 53 40 36 39 30 26 24 21 20 25 29 30 26 30 35 38 42 43
75 69 70 68 74 89 85 74 75 75 80 90 94 65 60 55 52 50 50 58 53 49 46 41 28 26 24 12 0 12 17 20 25 28 32 35 38 39 42 46 46 49 63 64 83 79 76 72 68 64 63 49 46 45 41 38 39 35 38 36 35 32 31 20 28 33 24 23 25 26 32 33 45 48 46 43 42 40 39 42 45 52 58 48 43 41 40 35 33 29 25 27 30 33 37 31 39 42 45 46
71 66 71 67 69 84 82 72 71 70 75 77 72 67 63 55 50 49 47 45 45 52 37 36 35 30 19 18 13 16 21 26 30 33 34 36 47 52 56 58 62 66 65 68 84 80 66 64 63 62 60 48 45 42 37 35 36 33 35 36 39 38 36 35 32 36 48 28 33 36 40 44 48 32 34 26 28 37 36 40 42 49 52 51 45 45 41 38 35 34 30 32 35 36 37 47 40 45 48 50
68 64 62 62 87 83 78 75 70 67 68 89 73 61 60 57 52 50 60 44 42 41 38 37 39 33 23 21 17 22 26 28 32 36 37 39 46 53 53 57 60 64 76 81 81 84 78 67 64 62 57 43 42 39 36 34 35 30 31 29 34 46 41 39 37 42 47 51 54 55 58 63 33 31 29 24 25 37 33 38 42 48 51 52 53 50 45 44 39 39 32 34 43 38 41 42 43 45 46 40
63 62 60 60 61 78 74 70 66 64 68 85 81 81 78 72 70 62 59 57 52 48 43 42 41 34 29 24 22 23 29 32 34 39 40 42 44 49 51 53 58 68 73 76 80 79 75 72 67 60 55 50 47 43 37 33 31 27 29 27 29 32 46 41 40 45 50 55 56 60 43 64 22 19 13 19 20 32 29 33 40 43 44 49 54 65 45 43 42 41 36 40 45 41 44 43 44 45 41 38
61 58 57 56 58 59 78 60 62 61 81 74 79 77 73 70 65 62 58 55 51 49 44 49 45 35 30 29 24 25 26 29 33 38 42 43 46 49 50 54 59 63 68 71 81 83 69 77 69 67 59 55 43 42 34 32 30 26 24 25 26 28 50 45 43 47 52 58 58 40 41 21 21 15 10 16 17 29 27 32 36 39 40 58 58 62 66 46 44 43 39 43 49 46 48 48 45 40 37 35
65 60 55 53 53 55 59 58 57 57 76 72 75 78 76 75 68 67 59 56 56 50 47 45 41 37 34 30 28 28 27 32 34 35 40 41 46 48 55 57 60 61 70 72 72 69 68 67 65 65 46 41 40 39 35 30 22 21 20 21 26 26 27 46 44 47 48 53 33 36 40 19 16 14 9 11 13 27 22 27 31 32 54 53 56 59 64 52 49 40 39 38 40 41 33 42 39 35 32 31
68 54 53 52 51 58 61 54 53 55 71 67 71 86 85 80 72 71 66 62 59 53 52 43 42 37 35 31 31 34 39 33 39 41 45 48 51 58 63 66 65 67 69 82 71 69 64 66 62 64 55 56 45 31 27 25 21 16 1 13 16 21 25 27 46 49 52 32 31 35 20 17 14 11 6 9 13 17 21 26 29 39 44 51 54 56 60 54 50 41 38 37 31 32 31 26 41 39 30 29
61 57 51 47 49 54 58 54 49 52 65 64 68 73 86 85 75 74 71 66 62 55 48 46 45 42 40 38 35 39 44 37 42 42 50 53 54 57 60 67 70 81 80 78 70 69 63 61 59 53 52 51 45 44 27 26 26 21 18 16 17 19 30 31 51 51 53 35 30 27 18 16 12 7 5 8 11 14 17 21 26 36 43 47 51 54 57 60 44 39 32 34 27 23 29 25 30 19 25 27
59 52 49 45 44 46 53 45 48 49 53 60 61 75 65 81 79 79 73 70 73 57 61 57 51 47 42 41 39 43 45 42 46 44 52 54 58 59 71 93 83 78 77 73 68 67 62 59 57 53 51 46 45 41 36 32 28 23 20 21 24 26 38 39 56 52 27 26 25 23 20 17 15 13 3 6 10 13 22 24 29 35 40 46 48 57 58 59 39 36 31 29 25 20 21 24 12 16 20 22
55 50 53 44 41 42 48 44 43 48 52 57 60 62 60 86 83 86 73 74 82 72 56 53 51 47 45 42 40 45 51 47 48 49 53 64 62 67 68 88 87 82 78 77 69 71 63 60 61 57 52 50 46 42 38 35 31 27 25 25 27 29 34 35 39 53 32 29 28 27 21 19 5 0 2 5 15 19 21 22 27 31 36 41 44 46 60 47 44 39 34 32 20 19 17 20 10 14 17 19
51 48 42 43 36 38 45 41 42 45 48 52 55 59 56 60 67 71 70 80 79 71 57 55 54 49 48 44 48 60 56 49 51 60 63 68 66 68 71 92 92 84 80 78 74 75 70 67 65 66 56 63 49 47 51 40 35 29 26 29 28 30 31 32 37 54 35 34 31 29 28 24 10 5 7 9 16 22 22 23 30 34 40 43 47 61 66 44 40 37 31 19 20 15 13 7 9 13 11 17
44 43 41 38 34 36 32 36 46 42 45 47 57 54 54 57 65 70 69 77 75 66 65 62 57 54 53 47 51 62 59 52 54 58 61 65 68 115 109 106 97 93 85 81 83 79 73 71 70 64 62 59 57 52 53 36 35 30 31 35 30 31 36 33 38 44 42 38 42 34 29 29 12 7 11 13 16 27 28 26 33 55 51 47 49 58 61 41 37 33 28 16 11 10 1 2 5 8 9 14
44 43 38 35 33 38 31 31 40 39 43 49 47 49 51 59 60 60 66 63 70 68 66 63 61 58 53 48 53 54 60 56 59 60 62 69 71 110 108 104 92 91 87 85 89 100 80 75 70 68 67 61 59 56 56 61 39 31 39 37 34 32 36 35 39 43 46 43 40 36 33 33 16 11 16 20 48 48 29 28 61 58 55 49 54 57 58 45 41 29 24 19 14 12 16 18 23 26 27 18
44 42 39 34 32 28 30 30 33 37 39 44 45 44 52 56 55 57 61 62 63 72 67 67 66 70 57 52 53 58 59 58 60 63 63 74 75 113 103 101 97 94 92 89 92 95 76 72 70 69 74 52 64 58 58 55 54 53 43 40 38 35 36 41 41 44 45 41 39 34 37 35 41 39 32 34 43 46 48 31 62 62 56 52 57 62 39 36 34 31 28 23 19 13 21 21 27 27 30 31
35 36 33 32 31 26 27 28 29 36 41 45 45 43 49 52 53 56 59 63 68 70 69 69 67 74 58 55 56 57 61 63 66 65 68 75 77 118 111 106 102 97 96 94 93 99 81 74 72 74 53 49 47 48 70 55 52 49 47 45 42 38 38 40 41 49 52 38 34 33 28 30 38 35 30 34 39 41 46 51 65 43 39 46 44 39 36 38 45 37 32 25 21 20 24 21 25 27 35 38
34 31 31 34 26 23 25 27 32 35 38 43 45 42 45 46 54 58 64 64 69 71 74 73 69 70 61 56 60 61 63 67 72 74 71 80 81 123 113 111 101 98 100 106 104 103 106 75 74 49 48 45 42 47 65 60 55 54 51 47 46 46 42 45 48 52 37 33 34 31 27 28 31 29 27 32 36 39 43 42 39 38 34 36 48 29 33 37 40 34 29 24 20 19 19 18 23 24 29 30
32 29 26 18 11 22 20 26 28 34 37 41 41 37 38 51 57 61 58 69 72 73 75 74 73 75 62 57 60 62 64 72 76 76 72 77 132 127 116 87 106 99 116 113 108 107 111 66 79 46 45 43 41 43 39 67 63 61 56 59 53 50 46 49 52 33 36 32 31 27 25 24 24 28 24 28 34 35 40 41 38 36 32 36 28 25 30 33 38 41 25 22 19 14 13 17 20 24 26 28
24 24 22 16 10 20 19 24 27 29 33 36 36 36 41 42 60 48 55 59 60 77 82 77 74 80 66 62 61 63 64 73 76 79 77 81 93 92 91 86 85 87 82 78 70 75 69 63 59 55 54 42 39 38 34 35 67 65 57 58 53 51 51 54 35 32 31 27 23 22 22 19 20 26 22 27 31 35 42 42 36 33 27 28 22 21 26 30 27 28 19 18 14 12 10 15 23 25 27 27
22 20 18 14 9 17 14 18 23 26 28 31 34 35 37 39 41 46 50 51 65 80 83 78 75 82 68 63 64 64 66 70 75 81 86 89 97 92 91 86 83 82 77 73 68 70 67 62 57 53 49 44 41 36 31 34 36 41 59 56 55 56 46 43 45 42 36 26 25 20 19 14 19 20 17 20 32 27 40 38 35 30 26 23 21 18 12 19 24 26 14 13 12 7 6 1 20 21 22 24
15 14 12 9 5 4 9 14 19 21 25 27 31 39 44 44 48 51 55 56 57 61 84 79 80 76 72 68 70 69 70 72 73 76 81 83 101 90 86 85 81 77 73 70 67 65 64 61 56 52 55 36 33 32 29 30 38 56 55 59 60 47 43 41 39 37 32 29 24 22 18 13 9 10 12 16 21 26 46 43 38 28 24 20 17 1 10 14 19 27 20 18 17 20 17 16 21 23 26 26
13 13 9 6 2 3 4 5 10 15 18 22 29 31 35 40 44 47 60 57 50 56 64 66 81 82 77 69 77 72 73 75 74 81 86 103 99 96 91 89 86 82 75 74 67 68 54 55 52 48 50 55 33 32 28 29 27 57 54 57 56 59 46 39 38 37 34 29 27 27 13 11 8 6 10 15 10 13 16 44 40 31 13 9 7 4 9 11 13 18 23 20 18 21 19 20 22 25 29 31
9 8 7 2 0 12 5 7 12 15 25 23 26 27 21 23 26 33 34 37 48 54 59 64 66 71 77 72 76 77 78 82 77 92 90 92 100 95 93 73 69 68 69 64 62 62 52 49 48 43 46 35 31 26 25 25 26 51 49 52 53 45 49 48 43 38 36 32 29 29 29 14 4 1 3 5 9 12 50 45 36 35 15 14 12 9 14 16 14 27 24 22 19 26 24 22 27 31 34 36
14 13 9 3 12 15 13 12 13 15 20 21 24 27 18 21 23 28 32 33 45 51 52 68 70 79 78 76 83 80 82 86 90 95 91 95 89 98 94 73 71 67 64 63 58 57 54 49 44 42 44 28 26 25 20 23 27 49 44 42 43 44 43 46 42 37 35 32 39 29 28 24 20 16 20 25 26 28 29 48 50 36 16 16 16 11 14 15 17 28 27 32 20 23 41 35 31 33 35 38
16 16 10 16 15 19 17 13 18 19 25 24 9 12 15 18 23 27 37 41 44 46 47 59 74 78 82 77 84 82 84 89 93 97 92 92 88 86 82 74 69 65 60 57 56 52 54 51 39 38 34 29 24 22 19 20 22 42 39 37 38 43 40 40 39 36 33 31 36 35 30 27 22 19 22 27 30 35 40 50 55 52 24 19 17 16 16 19 19 30 32 34 23 41 37 36 34 38 41 46
17 17 19 24 17 23 19 17 21 22 18 7 6 11 12 14 15 23 24 27 30 48 52 56 60 81 85 81 87 84 85 87 92 95 93 90 86 83 78 76 74 68 63 62 53 50 46 43 38 33 32 29 25 18 14 18 25 32 33 34 35 42 37 28 43 26 33 28 45 40 35 31 26 22 25 26 29 33 36 43 44 50 55 24 20 17 19 28 24 32 35 36 49 46 44 41 36 40 42 49
22 21 24 28 27 25 24 19 20 21 1 3 5 9 10 15 18 21 22 32 49 52 59 58 61 82 88 83 85 86 90 91 97 102 98 91 89 78 73 72 71 69 65 63 59 54 50 46 41 36 49 48 13 11 9 6 22 30 28 29 34 35 32 27 26 24 28 23 24 41 32 30 29 34 29 29 34 35 36 39 42 46 47 48 24 18 23 25 27 38 37 41 53 48 46 45 41 42 44 48
27 22 26 35 33 30 25 23 22 11 8 7 7 8 10 20 28 31 31 48 47 50 54 54 59 63 66 88 86 91 92 104 108 107 125 92 90 117 78 77 72 70 70 65 60 58 51 49 45 51 50 46 51 10 7 2 21 26 25 27 28 32 28 25 22 19 15 21 24 22 26 34 31 34 30 35 36 39 39 43 44 45 49 54 27 28 29 31 35 42 38 56 53 50 48 46 46 43 47 51
25 24 39 36 34 30 26 29 26 12 12 11 9 12 15 19 24 26 30 35 43 48 50 51 56 58 63 65 90 93 96 99 103 123 122 118 115 113 107 103 102 103 71 68 66 63 59 53 53 49 47 43 47 9 5 1 18 16 20 25 28 29 25 21 19 17 14 17 18 20 25 30 32 33 31 34 41 45 46 48 45 50 54 32 30 34 38 40 46 44 61 60 56 55 60 59 55 52 49 52
30 27 29 38 35 32 27 31 30 33 15 16 14 16 20 22 23 27 30 39 42 47 46 51 58 59 52 55 56 61 66 68 124 123 119 114 113 108 106 102 99 98 99 88 86 62 58 56 52 50 45 42 37 33 3 0 13 15 18 22 24 27 18 17 15 12 10 12 17 18 23 33 35 34 36 39 44 46 51 50 53 55 59 36 34 35 39 42 44 47 52 65 63 59 62 60 59 56 51 52
37 32 37 39 38 36 31 36 34 39 22 18 16 33 28 23 26 32 34 36 39 40 43 46 47 49 51 54 60 66 73 122 119 118 113 109 105 101 99 98 94 93 89 86 82 78 61 61 50 45 42 37 34 32 30 9 18 18 19 26 28 33 14 13 12 11 8 9 13 23 30 29 34 39 42 46 54 51 52 56 57 60 63 41 38 37 41 42 57 52 69 66 62 61 64 63 57 53 52 56
39 35 36 45 42 38 33 41 38 41 25 22 27 31 29 26 28 34 37 40 40 44 44 49 52 54 54 56 61 74 72 74 119 116 115 107 103 100 98 97 92 89 85 81 78 77 72 69 48 46 41 36 33 29 25 24 20 19 24 29 30 24 20 17 16 13 1 13 18 20 25 26 31 41 44 53 55 55 53 57 59 59 54 45 40 43 44 45 50 71 68 67 67 64 68 71 67 56 55 57
42 37 41 48 43 40 41 46 43 42 28 25 29 35 32 31 36 39 41 44 42 47 50 56 71 66 56 57 60 62 68 73 120 113 108 107 104 101 99 98 94 94 88 85 81 71 67 64 49 47 45 41 34 34 26 27 21 24 27 34 32 32 31 19 18 15 20 21 25 24 30 30 35 43 48 51 56 58 56 62 62 54 49 47 42 46 59 61 69 70 71 73 69 68 71 76 62 59 57 59
44 47 46 50 49 44 42 50 46 50 34 29 30 33 38 33 37 42 45 47 47 49 51 52 54 62 66 67 62 63 64 67 116 113 113 109 110 102 104 101 99 93 92 87 70 69 65 61 60 59 60 59 44 39 33 29 26 28 40 36 35 30 28 26 21 19 25 29 34 35 36 41 42 45 49 53 55 59 61 63 67 56 55 52 46 51 56 61 65 66 72 78 71 73 74 77 61 60 60 60
46 51 48 53 52 48 59 54 50 38 35 33 32 43 39 36 41 44 46 50 48 51 56 56 58 61 62 72 66 71 76 116 113 109 112 110 105 101 106 102 95 78 73 70 67 65 63 59 58 57 57 56 60 42 43 32 35 40 39 43 34 33 29 24 22 21 27 31 36 44 39 50 53 47 50 58 62 63 66 69 70 58 53 51 49 53 57 65 70 72 84 82 73 77 78 82 64 61 66 68
48 61 60 55 55 53 63 59 60 43 39 44 33 45 41 38 42 46 48 51 51 53 58 61 65 63 65 69 67 73 79 113 110 106 103 109 104 99 99 98 94 93 88 85 80 67 65 61 60 56 55 54 58 46 39 36 32 36 38 42 43 34 30 28 25 24 32 32 35 40 44 48 53 55 64 62 63 66 71 73 77 58 53 52 54 56 58 62 75 79 80 86 75 79 73 70 66 64 65 71
49 53 65 60 65 54 58 64 46 44 42 44 49 43 42 45 47 48 53 58 53 55 58 63 67 70 73 79 68 96 114 113 108 104 99 101 99 96 104 100 90 88 86 81 79 81 64 58 60 55 52 53 42 41 37 34 30 32 34 38 38 36 32 36 28 43 42 37 38 44 45 47 48 52 75 63 66 67 69 71 76 60 56 55 58 65 61 63 68 73 82 78 84 81 75 72 67 65 67 75
54 73 69 64 62 57 59 63 64 45 44 46 50 50 47 48 52 55 57 59 56 57 61 64 68 70 71 74 76 94 113 109 106 101 98 100 96 94 93 92 89 85 82 78 76 63 60 57 56 56 51 44 41 39 34 29 25 26 31 32 34 38 33 41 44 46 44 40 45 45 46 51 70 71 71 74 70 72 73 74 69 66 61 57 73 69 65 68 69 71 74 75 77 79 78 75 70 70 69 71
58 78 73 66 60 58 60 65 67 46 47 50 54 55 51 53 54 56 59 61 62 60 65 66 70 72 73 77 88 92 114 110 107 96 95 101 99 94 91 86 82 88 77 77 72 72 57 54 51 50 48 43 38 34 30 28 23 25 29 31 35 40 38 45 53 52 48 44 54 50 55 62 67 68 69 74 76 78 74 109 70 68 65 75 74 70 66 70 70 73 79 79 83 80 79 76 74 75 70 76
61 82 77 68 65 62 73 68 72 48 48 61 56 59 60 55 56 60 65 67 68 63 68 71 72 73 77 81 84 89 108 104 103 99 94 93 89 84 86 83 80 78 75 74 71 67 62 58 55 51 49 46 36 31 26 23 20 23 24 27 28 29 34 30 54 55 47 45 47 54 58 60 65 66 70 78 78 82 83 106 107 69 70 79 77 74 70 72 75 80 82 85 97 84 82 85 78 82 86 78
65 82 78 73 66 79 76 73 75 51 52 61 58 63 66 56 58 64 69 71 71 72 77 82 84 86 91 94 86 89 104 103 100 97 93 88 84 83 82 80 78 77 76 75 74 68 63 61 58 54 59 32 30 26 22 20 15 18 22 24 19 24 26 27 28 57 52 48 51 55 60 65 68 70 75 90 92 97 99 103 107 74 72 80 79 77 75 79 80 85 87 91 93 95 85 90 81 86 89 92
81 78 77 74 68 83 82 77 78 55 57 64 60 65 64 59 63 65 68 72 72 74 80 86 87 87 96 95 90 115 110 105 101 98 94 93 92 89 86 82 80 82 77 78 75 71 67 66 61 59 62 35 31 31 26 13 0 9 13 15 16 20 21 23 25 30 53 52 55 59 65 66 76 75 80 85 89 94 97 102 105 109 75 85 83 80 78 80 82 87 91 95 95 96 87 88 91 89 92 97
85 83 80 76 93 89 86 81 82 60 62 63 62 67 67 63 64 67 69 80 77 80 81 88 89 94 103 100 101 120 115 116 111 109 104 99 96 92 90 87 82 81 80 82 80 73 68 69 65 63 18 13 12 11 9 7 4 7 12 13 16 24 23 28 29 33 59 55 64 61 70 81 78 76 80 86 89 93 94 98 101 106 79 88 87 82 82 86 85 90 93 100 99 104 89 90 96 91 93 98
1 25
2877 2860 1354 1369 4878 4877 1354 1359 4515 4520 271 279 3334 3316 3325 144 1181 920 939 3978 3973 3962 3974 3976 3979
20 1
4915
4923
645
1532
1605
3192
3200
4823
4812
4530
755
765
4941
4933
4942
2065
2027
532
542
871
3 2
2974 4422
3312 2527
2316 2325
13 2
4967 4964
4968 4956
4977 4974
3542 3538
3539 3529
3541 262
268 260
1896 1877
1768 1890
1761 4171
1780 4185
4684 4694
636 643
2 13
8 8 8 8 8 8 8 8 8 8 8 8 8
8 8 8 8 8 8 8 8 8 8 8 8 8
2 4
934 925 927 2432
4975 4962 4974 2443
4 10
503 499 498 502 506 510 511 521 526 527
498 497 494 490 504 505 508 519 521 524
502 501 499 491 493 507 512 515 519 521
504 507 497 495 500 512 517 521 523 526
24 8
1063 4780 4776 4773 2179 243 257 787
1060 1055 4780 4761 2174 2115 2120 784
1056 1052 1050 1043 1044 2118 785 782
789 785 1054 1045 778 765 775 780
785 783 782 777 774 759 774 775
788 786 784 781 778 768 776 779
792 1536 1648 281 268 2517 2515 2527
1538 1523 1645 261 265 2528 2513 2523
1407 1542 1665 270 269 2537 2533 2525
1406 1394 1411 29 272 2539 2534 2526
1411 14 27 28 31 2544 2535 2531
24 13 22 24 28 29 34 36
27 33 2154 2158 2159 2161 39 44
2146 2141 2134 2152 2157 1389 1391 46
2158 2145 2142 2145 4685 1384 1388 1391
2153 2149 2147 4703 4684 1379 1380 1381
2156 2150 2149 2152 4689 1393 1394 1395
2161 2156 2152 2155 2158 1398 1397 1702
2160 2158 2153 2160 2164 1699 1697 1701
2164 2162 2158 2161 1695 1694 1692 1696
2937 2940 1709 1707 1703 1702 1683 1684
2936 2935 2938 1702 1700 1695 1691 1693
2934 2931 2940 1703 1701 1700 1694 1696
2939 2945 2949 2950 1705 1702 1704 1705
7 12
976 971 970 951 958 4990 4987 4990 4995 2740 2737 2735
1964 1961 1956 952 4992 4987 4974 4975 4977 2737 2732 2730
1965 1960 1942 1951 2555 4995 4992 4995 4996 2748 2744 2727
4416 4395 4394 4409 2553 2784 2780 2800 2804 1312 2752 2747
4413 4408 4403 2552 2550 2793 2779 2796 1299 1293 1310 2750
1463 1461 1458 1454 2567 2781 2780 3110 3097 1310 4137 4149
1466 1459 1458 1450 1456 2783 2785 3119 3116 4146 4135 4147
63 3
4260 4260 4260
4257 4255 4257
4253 4236 4253
1307 1306 1307
1314 1313 1315
1320 1317 1320
1323 1319 1322
1326 1321 1324
1328 1322 1329
1333 1327 1331
1334 1328 1332
1339 1330 1332
1336 1332 1335
1341 1334 1340
1342 1346 1344
1343 1347 1345
3266 3267 3258
3262 3262 3254
3259 3257 3249
3258 3252 3247
3257 3258 3245
3253 3243 3242
3251 3246 3240
3246 3243 3238
3242 3240 3235
3229 3236 3231
3228 3233 3228
3227 3228 3223
3225 3224 3220
3226 3219 3218
3221 3217 3216
3222 3213 3212
3228 3216 3211
3227 3208 3202
3224 3221 3219
3225 3225 3221
3229 3230 3232
3233 3234 3235
3238 3238 3240
3242 3239 3244
4353 4350 4351
4350 4347 4349
4346 4342 4348
4339 4340 4345
4337 4336 4334
4335 4331 4329
4339 4326 4327
4337 4321 4324
4335 4318 4321
4328 4323 4324
4329 4326 4328
4329 4328 4332
4332 4330 4334
4335 4335 4337
4341 4338 4339
4343 4341 4344
4349 4345 4346
4351 4348 4350
4356 4351 4354
4357 4354 4357
4359 4358 4362
4360 4365 4363
4364 4368 4365
49 2
3772 3774
3767 3771
3763 3767
3758 3766
3754 3761
3747 3758
3758 3762
4625 4635
4616 4631
4617 4636
4436 4430
4432 4423
620 615
617 605
3097 607
3095 3094
3103 3091
4321 3093
4319 3461
4308 3448
4319 3461
4322 4189
4190 4178
1782 1777
1054 1779
1073 1078
1077 1081
1079 1083
1081 1084
429 1088
428 446
424 445
422 440
419 436
416 433
424 438
427 441
430 431
3428 3425
3424 3424
3420 3423
3416 3420
3399 3415
3404 3416
3808 3810
3806 966
3791 961
958 953
962 954
37 1
4393
4391
4387
4384
3916
3926
3927
3931
454
448
467
470
3561
3546
3548
3550
4393
4391
4378
16
1975
355
896
915
262
254
4203
2417
2433
2437
1598
1597
2268
2548
2533
2546
2548
27 2
1101 1100
1098 1097
1098 1096
1087 1095
1086 1090
1085 1085
1083 1081
1077 1076
1074 1074
1073 1073
1071 1069
1065 1066
1064 1062
1059 1060
1055 1057
1051 1055
1050 1050
1049 1048
1055 1047
1051 1045
1048 1040
1049 1049
1050 1050
1051 1053
1056 1058
1061 1063
1062 1065
3 1
1045
1525
453
47 2
4538 4548
4536 4546
4526 4544
4528 4532
4532 4536
4534 4538
3358 3355
3349 3351
3360 3352
4934 4937
4933 4934
4927 4942
3732 3739
3736 1486
1493 1476
1423 1489
1410 849
1428 854
609 605
597 602
580 600
593 598
1672 1682
1675 2114
2116 2113
2099 2093
2519 2525
2518 2506
3407 2511
3426 2823
2808 2822
2802 2820
1732 4571
1725 1743
1728 1732
1732 1737
3378 3391
3376 3386
3369 3381
4677 4982
4668 4971
4936 4929
4941 4939
3963 4941
3945 3964
3961 3966
3965 3968
6 13
1430 1427 1422 1409 1413 3401 3394 3396 3399 189 193 206 208
1429 1425 1423 1421 1425 3399 3398 3401 189 184 183 202 207
3085 3083 1428 1425 3407 3403 3402 3406 191 187 200 205 209
3083 3078 3072 1427 3420 3411 3407 3408 4234 4233 4234 4241 4243
3078 3075 3071 3066 3418 3414 3409 4236 4232 4231 4232 4236 4240
3075 3071 3053 3061 3064 3419 3413 4240 4235 4222 4241 4244 4245
1 13
2701 2700 2697 2695 2692 2698 2702 2703 2708 2713 2718 2719 2720
7 1
2660
2656
2655
2675
2678
2679
2682
1 3
2838 1872 605
2 6
4341 4336 4334 4656 4667 2646
4346 269 251 4665 4672 2650
2 7
2256 2935 3524 167 3418 212 3483
2254 2266 1917 1916 3107 226 4137
1 1
9
12 7
866 4980 4974 452 447 455 2872
861 4975 4970 4991 442 439 453
860 4985 4969 4989 3565 449 2744
855 4899 3572 3576 3564 3567 2748
854 4884 4895 3577 3568 4676 4680
840 303 1277 1276 242 232 239
290 286 3699 1272 1260 240 243
2536 3701 3688 3697 1275 4614 4618
2521 545 3157 3162 4593 4609 4150
4621 2564 3160 3759 3745 4144 4133
4617 2548 2562 2565 3756 2668 4138
4628 2568 2565 2667 2665 2652 2656
5 5
1 2 3 4 5
2 9 3 9 6
3 3 0 8 7
4 9 8 9 8
5 6 7 8 9
1 42
4021 4017 4031 4035 2835 2830 4304 4296 4309 4311 4313 4316 4319 3063 3061 3056 3041 3054 4937 4935 4918 4938 4942 4944 4945 4946 4948 4952 4956 3344 3339 3336 3331 3329 3324 3323 3313 3316 3319 4266 4250 4265
2 49
612 3693 1673 2917 2910 4180 4073 4163 542 1045 1040 1046 3149 3134 3147 3149 3157 3161 3163 2769 2768 2764 2763 2764 4474 4469 3211 3205 3270 3280 3283 3352 1711 1718 2126 2129 4803 4800 1531 1540 2050 2054 2056 3556 3551 3546 3542 3543 3553
595 3692 3445 3454 2915 4078 4068 4162 523 542 1024 1044 1049 3141 3148 3150 3155 3157 3158 2768 2764 2761 2745 2748 4480 4465 4471 3217 3285 3289 3358 3350 1710 1702 2110 2127 4800 4793 4811 2060 2041 2051 2056 3560 3542 3541 3539 3538 3534
8 15
2787 2659 1750 1761 3969 3964 2118 2124 2127 44 43 38 176 166 57
1230 2667 1761 890 894 3954 3960 3962 4377 42 39 34 2265 2263 1994
1226 1246 478 889 884 1029 1048 4379 4365 4377 33 32 22 2271 2000
3888 1248 493 894 890 1038 1042 4383 4382 2751 2749 2746 42 44 45
3871 3877 497 1048 1044 1043 1044 235 230 249 2754 2761 43 49 3696
3877 1056 1054 1052 1047 1046 340 339 338 346 2758 2763 4499 4497 3690
3880 1059 1058 1056 1049 337 336 335 328 343 3325 3326 4492 4489 4502
1070 1065 1061 349 346 342 338 339 347 3343 3324 3335 1091 1080 1081
23 8
584 4526 4524 4519 4514 4513 2204 2194
582 578 4516 4514 4511 4508 2199 2192
581 576 3501 4515 4507 4506 4517 2200
577 573 3498 4511 4508 4507 4521 4522
584 571 3489 3496 4527 4526 4525 4527
586 574 3495 3498 3500 4533 4529 4137
4776 4775 4772 4777 1375 1382 4150 4133
4790 4787 4768 4785 1371 1369 1383 4135
4777 4776 4775 2416 2421 1388 605 3386
4782 4779 2407 2401 2406 604 601 3368
2416 2413 2408 2404 2407 606 595 1027
2418 2416 2413 2409 2411 2900 608 1043
1210 1206 1206 2412 2895 2898 1049 1047
1206 1204 1200 1210 2876 2888 2891 1048
4612 4609 1220 4125 2890 4103 2713 2714
4609 4605 4610 4120 4118 4101 2708 2724
4615 4595 4603 4122 4121 4117 2713 715
3522 4612 3519 4126 4123 4128 712 697
3506 3514 3518 3521 4126 157 156 716
3518 1894 1891 3525 1886 156 148 225
1894 1891 1889 1890 1884 1827 149 240
1896 1893 1888 1881 1883 1823 1826 1822
1897 1892 1887 1878 1885 1820 1818 1817
14 1
234
229
218
238
242
243
247
1432
1430
1429
1428
1426
1444
1447
2 9
2641 2640 2634 3609 3626 519 533 917 918
2644 2642 2637 352 4955 521 4930 914 925
10 1
2156
2141
4352
2562
2560
3758
4965
2652
13
15
1 16
1051 1304 1086 1099 1237 1031 4841 4298 1442 1452 4766 4751 1090 4631 2538 2550
9 10
1083 1080 1084 1069 1068 1065 1066 1066 1068 1070
1078 1077 1081 1065 1066 1063 1064 1062 1066 1066
1078 1074 1067 1064 1061 1058 1058 1060 1064 1065
1074 1073 1070 1066 1061 1057 1054 1055 1059 1060
1076 1077 1075 1060 1057 1056 1042 1053 1058 1062
1087 1082 1735 1062 1058 1061 1062 1066 102 101
1738 1737 1734 1729 1733 1065 1064 103 98 95
1739 1737 1732 1727 1728 1729 1068 124 120 115
1734 1729 1727 1716 1736 1739 129 125 123 118
2 17
2261 2258 2265 1785 1783 872 871 2500 1515 1508 1512 2368 2358 2363 2366 1808 1807
2251 2245 2261 1784 1775 863 860 2481 2493 1514 2371 2369 2362 2595 2603 1801 1795
1 97
4168 4164 4161 4160 4158 4157 4155 4151 4148 4144 4139 4137 4135 4133 4130 4127 4122 4119 4116 4115 4113 4109 4106 4103 4099 4096 4094 4091 4090 4082 4097 4100 4104 4107 4193 4191 4188 4184 4172 4178 4182 1334 1329 1347 1348 4426 4422 4420 4418 4417 4419 4768 4770 4772 4775 4778 4781 4782 4784 4037 4035 4033 4030 4015 4027 2644 2638 2642 2647 2651 2653 2655 2768 2767 2762 2758 2754 2749 2744 2742 2756 3897 3893 3906 3910 3914 3919 3923 3926 3931 3932 3933 3937 3941 3944 3949 3953
19 3
3625 3616 3636
3636 3635 3638
3638 3636 3642
3642 3641 3642
3647 3644 3645
3651 3646 3648
3654 3647 3652
1436 1431 1437
1435 1429 1432
1430 1426 1427
1427 1422 1427
1421 1413 1430
1426 1417 1435
1430 3078 1438
3078 3077 3074
3075 3073 3055
3079 3076 3073
3080 3078 3076
3082 3082 3081
64 5
3982 3976 3978 3981 3982
3977 3972 3976 3976 3979
3970 3952 3959 3975 3975
1987 3968 3969 3970 3971
1981 1993 1998 3974 3972
2192 2193 2197 2202 3974
2201 2195 2198 2205 704
2202 2196 2203 706 700
2205 708 705 702 695
902 905 703 698 694
901 692 689 685 683
900 904 707 715 684
895 704 702 695 700
894 880 705 698 705
891 874 3751 3749 708
3751 3749 3741 3748 3752
3560 3754 3753 3755 3757
3556 3561 3755 3757 3761
3545 3557 3558 1930 1931
3549 1924 1925 1926 1929
1928 1923 1924 1925 1796
1923 1917 1925 1928 1791
1209 1921 1926 1928 1786
1195 1205 1931 1786 1785
1199 3078 3082 1786 1782
3076 3074 3074 1773 1764
3075 3072 3059 3385 3380
3076 3077 3066 3390 3400
3078 3082 3071 3072 3403
3083 3084 3073 3075 3078
4702 4700 3075 3077 3083
4701 4697 4702 4697 4701
4696 4692 4697 4695 4698
4692 4690 4693 4694 4696
4690 4686 4694 4697 4701
4686 4684 4689 4692 4697
4685 4682 4686 4690 4701
4672 4665 4673 1229 1229
4673 4673 1226 1219 1227
3375 989 989 1244 1246
3373 985 979 1229 1244
3372 3371 982 1238 1246
3368 3366 3370 3372 3374
3371 3370 3373 3378 3378
3520 3375 3378 3379 2824
3518 3520 3383 2820 2819
3515 3520 4587 2817 2815
3514 3511 4585 2832 2811
3510 3507 4584 2828 2810
3510 3500 4580 4597 2822
3514 3508 4586 4599 4602
3516 4591 4590 4600 4596
3518 4596 4591 4592 4594
4597 4596 4593 4597 4598
4604 4601 4596 4599 4599
4604 4603 4605 4606 4326
4179 4172 4309 4310 4324
4178 4163 4308 4316 4320
4316 4313 4303 4312 4317
4320 4316 4322 4313 4315
4566 4562 4564 4314 4319
4561 4558 4560 4564 4320
2050 4556 4559 4562 4565
2049 4549 4565 4568 4572
1 8
4866 4861 4610 3612 3487 4816 2598 1704
2 70
4513 4510 4165 4183 3836 3834 3829 3809 3820 698 685 665 666 3178 3176 796 807 4164 4162 2526 2527 2532 2534 2539 2541 2542 4910 4908 4904 4903 4900 4899 4895 4893 4892 4900 2564 2561 2560 2561 4472 4459 2645 2640 731 1566 4742 4732 4690 4697 2494 2496 2511 2509 2512 2516 2517 2407 2402 2400 2398 2396 2392 2390 2381 2386 3155 3152 2984 3001
4532 4529 4177 4181 4186 3825 3822 3820 3823 3825 673 659 664 3164 3159 793 803 4163 4149 4166 4167 2533 2536 2541 2542 2547 2548 4912 4907 4905 4903 4904 358 355 4912 4901 2569 2564 2575 4471 4469 4456 4461 2624 724 725 726 4749 4695 2497 2493 2488 2506 2507 2509 2513 2516 2409 2404 2395 2394 2393 2389 2387 2371 2374 3165 3160 2995 2997
1 10
0 1 2 3 4 5 6 7 8 7
2 16
3097 3096 3100 1638 1620 1625 1379 4296 2266 2280 273 255 3880 1896 427 440
3102 3108 98 326 313 1393 1376 1390 2274 2283 1646 1631 1638 1902 442 445
3 46
1914 2297 2281 3442 3460 3465 1423 1426 1303 1306 1307 1314 1315 258 257 253 243 243 1473 1908 1908 3096 2680 2677 2682 2685 1658 1655 1665 2407 2412 2413 2416 2420 816 815 818 3880 3884 3885 3888 4523 4518 4515 4497 4499
1913 1894 4516 4499 4505 1421 1405 1413 1300 1305 1307 1309 1314 253 252 249 237 241 1468 1907 1903 3077 3088 2673 2671 2686 1663 1671 1670 2420 2422 2429 2419 2421 800 811 3878 3876 3881 3883 3887 452 4522 4639 4623 4629
1916 1897 1901 4503 4507 1418 1416 1279 1299 1300 1304 1306 1308 256 255 652 637 639 1461 1901 1888 4941 2660 2657 2669 2670 1683 1679 1674 2422 2424 2426 2427 790 787 807 3869 3865 3876 3880 451 448 445 440 436 444
29 3
3604 3624 87
3624 88 73
31 28 9
36 32 27
512 3486 3479
493 3467 3475
502 3479 2263
2982 2980 2245
2980 2979 2988
2837 2827 2831
2524 2838 2843
2523 3099 3102
3096 3089 1856
3099 1868 1855
1874 1873 1871
2472 1877 4856
2460 2470 4837
2461 3919 4838
3929 3917 3919
3924 3915 3917
3921 3911 1150
1160 1157 1141
1058 1159 1053
1055 1050 1038
4978 1950 1058
4969 1934 1943
1271 1942 3555
1264 3732 3554
3744 3726 931
5 5
18 12 0 21 18
18 5 15 7 24
0 15 30 15 0
10 25 15 10 8
11 13 0 9 24
2 6
3970 3156 935 4345 4339 2157
3950 747 755 878 3645 819
2 9
3821 1846 1235 4924 3575 2875 3966 3985 136
3830 1850 4977 4970 3580 2410 2409 2417 117
5 36
3068 3064 3684 3682 3681 3677 3674 3672 3673 3677 4518 4516 4511 4516 3989 3984 3981 3984 3989 2488 2486 2482 2478 2478 2480 2482 2488 2483 1595 1580 1591 1594 3015 3012 3007 3005
3066 3063 3678 3677 3676 3672 3671 3669 3673 3680 4531 4513 4509 4512 3984 3983 3979 3983 3986 2486 2481 2478 2477 2459 2472 2473 2487 2482 2492 1588 1592 4018 4015 3011 3006 2987
3063 3060 3056 3055 3053 3053 3687 3668 3674 4530 4528 4523 4506 4510 4511 3974 3959 3970 3974 2488 2483 2482 2480 2479 2473 2474 2490 2487 2374 2372 4015 4013 4007 4015 3008 2478
3064 3061 3057 3057 3052 3050 3047 3686 3051 3052 4530 4522 4519 4520 4525 4528 3963 3973 3179 3174 3174 3175 3162 2480 3167 2475 2494 2488 2365 2363 2380 4014 4008 2489 2484 2475
3065 3063 3059 3056 3054 3038 3046 3048 3049 3052 3055 4524 4522 4523 4528 4532 3177 3176 3171 3170 3169 3156 3158 3162 3165 3169 3174 2380 2378 2374 2377 4015 4019 4021 2494 2491
3 31
4297 4295 2081 2079 2099 2094 3792 3790 3786 3795 3797 1720 1719 1723 1725 4449 4447 4442 4445 4434 4438 4442 4440 4442 4085 4084 4081 4086 4503 1276 1260
4290 4277 4286 2084 2087 2091 2096 3782 3777 3794 3795 1721 1716 1721 1722 4445 4444 4440 4427 4432 4435 4437 4439 4443 4515 4087 4082 4504 4492 4502 1264
1060 1058 1077 2088 2089 2090 2289 2284 2277 2280 3796 1708 1704 1723 1728 1730 4448 4443 4438 4443 4440 4442 4442 4515 4513 4512 4509 4504 4500 4506 1267
7 9
2263 2262 2276 4187 4184 4169 2097 4636 4640
2272 2267 2280 732 4188 2933 2927 518 533
569 2272 733 729 727 3856 2938 522 534
565 566 728 726 707 3841 3848 524 377
563 562 557 555 721 3406 4798 377 367
548 547 545 542 741 304 4787 4803 381
652 651 634 724 721 4435 4790 4806 383
5 5
18 12 0 21 18
18 5 16 7 24
0 16 30 15 0
10 25 15 10 8
11 13 0 9 24
30 2
1495 1498
1491 1487
1490 1485
1482 1480
1481 1476
3265 1474
3260 1469
3247 1464
3263 1473
3266 1477
3270 1479
3274 1483
1491 1486
1491 1489
4008 4007
4009 4005
4003 4003
3999 3998
3994 3995
3993 3991
3979 3990
3991 3995
3996 4001
4102 4095
4093 4094
4101 4105
4104 4110
4116 4111
4118 4115
4124 4120
1 4
1246 1025 3482 4236
1 33
778 772 785 787 788 789 791 861 857 866 870 872 875 879 883 888 890 1318 1315 1313 1310 1291 1301 3897 3878 456 462 467 1968 1966 1978 3987 3982
1 14
313 51 4036 4806 4810 2002 1996 845 3532 3535 3906 2008 989 981
1 9
2005 861 4160 3467 200 4586 2512 174 808
2 41
4316 4311 4307 4308 1862 1860 1874 3803 3796 2342 2355 231 235 236 2291 2286 2285 3794 3785 937 3150 3154 4868 2144 2745 2741 2754 2759 3524 3523 3517 3516 3512 4919 4922 3577 3563 4668 38 39 41
4314 4309 4306 3792 3788 1873 3807 3804 3805 2361 223 219 231 233 2286 2285 2266 2271 3805 941 3157 4862 4859 4869 4870 2760 2759 2763 3524 3521 3517 3516 3510 3515 4926 3570 3569 4671 51 30 32
30 4
1265 1261 1265 1267
1264 1259 1261 1266
1248 1240 1575 1268
1250 1574 1570 1571
1589 1585 1583 1830
1595 1590 1837 1820
2489 2487 1833 1832
2489 2484 2489 1834
2500 2482 2501 1837
2504 2502 2954 2946
4161 4165 2951 2944
4158 4154 4172 1524
4160 4156 1524 1509
4162 4159 1532 1529
1180 1159 1157 1151
1176 1173 1169 1166
1178 1172 1171 1169
1179 1174 1172 1172
1182 1177 1176 1173
2680 2676 2673 2671
2690 2685 2672 2670
2682 2680 2667 2669
2689 2685 2686 4694
4703 4702 4697 4685
4702 4700 4698 4692
3667 3665 4699 4695
3665 3664 3669 4700
3665 3662 3663 3666
3662 3660 3663 3668
3666 3651 3667 3672
3 7
1660 3676 3530 3541 4038 4055 2702
1662 4902 3500 3131 3125 3142 4340
1718 2584 2589 2591 3128 1682 1679
